0.000000 	0.714714 
600.000000 	0.794714 
1200.000000 	0.864714 
1800.000000 	0.934714 
2400.000000 	0.994714 
3000.000000 	1.054714 
3600.000000 	1.104714 
4200.000000 	1.144714 
4800.000000 	1.174714 
5400.000000 	1.194714 
6000.000000 	1.214714 
6600.000000 	1.214714 
7200.000000 	1.214714 
7800.000000 	1.204714 
8400.000000 	1.184714 
9000.000000 	1.154714 
9600.000000 	1.124714 
10200.000000 	1.074714 
10800.000000 	1.024714 
11400.000000 	0.964714 
12000.000000 	0.904714 
12600.000000 	0.824714 
13200.000000 	0.744714 
13800.000000 	0.664714 
14400.000000 	0.574714 
15000.000000 	0.484714 
15600.000000 	0.384714 
16200.000000 	0.284714 
16800.000000 	0.184714 
17400.000000 	0.084714 
18000.000000 	-0.015286 
18600.000000 	-0.125286 
19200.000000 	-0.225286 
19800.000000 	-0.325286 
20400.000000 	-0.425286 
21000.000000 	-0.515286 
21600.000000 	-0.615286 
22200.000000 	-0.695286 
22800.000000 	-0.785286 
23400.000000 	-0.865286 
24000.000000 	-0.935286 
24600.000000 	-0.995286 
25200.000000 	-1.055286 
25800.000000 	-1.105286 
26400.000000 	-1.145286 
27000.000000 	-1.185286 
27600.000000 	-1.215286 
28200.000000 	-1.225286 
28800.000000 	-1.235286 
29400.000000 	-1.245286 
30000.000000 	-1.235286 
30600.000000 	-1.215286 
31200.000000 	-1.195286 
31800.000000 	-1.165286 
32400.000000 	-1.125286 
33000.000000 	-1.075286 
33600.000000 	-1.015286 
34200.000000 	-0.955286 
34800.000000 	-0.885286 
35400.000000 	-0.815286 
36000.000000 	-0.735286 
36600.000000 	-0.645286 
37200.000000 	-0.555286 
37800.000000 	-0.465286 
38400.000000 	-0.365286 
39000.000000 	-0.265286 
39600.000000 	-0.165286 
40200.000000 	-0.065286 
40800.000000 	0.034714 
41400.000000 	0.134714 
42000.000000 	0.234714 
42600.000000 	0.324714 
43200.000000 	0.424714 
43800.000000 	0.514714 
44400.000000 	0.604714 
45000.000000 	0.684714 
45600.000000 	0.764714 
46200.000000 	0.834714 
46800.000000 	0.894714 
47400.000000 	0.954714 
48000.000000 	1.004714 
48600.000000 	1.054714 
49200.000000 	1.084714 
49800.000000 	1.114714 
50400.000000 	1.134714 
51000.000000 	1.144714 
51600.000000 	1.144714 
52200.000000 	1.144714 
52800.000000 	1.134714 
53400.000000 	1.104714 
54000.000000 	1.074714 
54600.000000 	1.044714 
55200.000000 	0.994714 
55800.000000 	0.944714 
56400.000000 	0.884714 
57000.000000 	0.814714 
57600.000000 	0.744714 
58200.000000 	0.664714 
58800.000000 	0.584714 
59400.000000 	0.494714 
60000.000000 	0.414714 
60600.000000 	0.314714 
61200.000000 	0.224714 
61800.000000 	0.124714 
62400.000000 	0.024714 
63000.000000 	-0.075286 
63600.000000 	-0.165286 
64200.000000 	-0.265286 
64800.000000 	-0.355286 
65400.000000 	-0.445286 
66000.000000 	-0.535286 
66600.000000 	-0.625286 
67200.000000 	-0.705286 
67800.000000 	-0.775286 
68400.000000 	-0.845286 
69000.000000 	-0.915286 
69600.000000 	-0.965286 
70200.000000 	-1.015286 
70800.000000 	-1.055286 
71400.000000 	-1.095286 
72000.000000 	-1.125286 
72600.000000 	-1.135286 
73200.000000 	-1.145286 
73800.000000 	-1.155286 
74400.000000 	-1.145286 
75000.000000 	-1.135286 
75600.000000 	-1.105286 
76200.000000 	-1.075286 
76800.000000 	-1.035286 
77400.000000 	-0.995286 
78000.000000 	-0.945286 
78600.000000 	-0.885286 
79200.000000 	-0.815286 
79800.000000 	-0.745286 
80400.000000 	-0.665286 
81000.000000 	-0.585286 
81600.000000 	-0.495286 
82200.000000 	-0.405286 
82800.000000 	-0.315286 
83400.000000 	-0.215286 
84000.000000 	-0.115286 
84600.000000 	-0.025286 
85200.000000 	0.074714 
85800.000000 	0.174714 
86400.000000 	0.274714 
87000.000000 	0.364714 
87600.000000 	0.464714 
88200.000000 	0.554714 
88800.000000 	0.634714 
89400.000000 	0.714714 
90000.000000 	0.794714 
90600.000000 	0.864714 
91200.000000 	0.924714 
91800.000000 	0.984714 
92400.000000 	1.034714 
93000.000000 	1.084714 
93600.000000 	1.124714 
94200.000000 	1.144714 
94800.000000 	1.164714 
95400.000000 	1.184714 
96000.000000 	1.184714 
96600.000000 	1.184714 
97200.000000 	1.164714 
97800.000000 	1.144714 
98400.000000 	1.124714 
99000.000000 	1.084714 
99600.000000 	1.034714 
100200.000000 	0.984714 
100800.000000 	0.924714 
101400.000000 	0.864714 
102000.000000 	0.794714 
102600.000000 	0.714714 
103200.000000 	0.634714 
103800.000000 	0.544714 
104400.000000 	0.454714 
105000.000000 	0.364714 
105600.000000 	0.274714 
106200.000000 	0.174714 
106800.000000 	0.074714 
107400.000000 	-0.025286 
108000.000000 	-0.125286 
108600.000000 	-0.225286 
109200.000000 	-0.315286 
109800.000000 	-0.415286 
110400.000000 	-0.505286 
111000.000000 	-0.595286 
111600.000000 	-0.675286 
112200.000000 	-0.755286 
112800.000000 	-0.835286 
113400.000000 	-0.895286 
114000.000000 	-0.965286 
114600.000000 	-1.015286 
115200.000000 	-1.065286 
115800.000000 	-1.105286 
116400.000000 	-1.135286 
117000.000000 	-1.165286 
117600.000000 	-1.185286 
118200.000000 	-1.195286 
118800.000000 	-1.195286 
119400.000000 	-1.185286 
120000.000000 	-1.175286 
120600.000000 	-1.145286 
121200.000000 	-1.115286 
121800.000000 	-1.075286 
122400.000000 	-1.035286 
123000.000000 	-0.975286 
123600.000000 	-0.915286 
124200.000000 	-0.855286 
124800.000000 	-0.785286 
125400.000000 	-0.705286 
126000.000000 	-0.625286 
126600.000000 	-0.535286 
127200.000000 	-0.445286 
127800.000000 	-0.355286 
128400.000000 	-0.265286 
129000.000000 	-0.165286 
129600.000000 	-0.075286 
130200.000000 	0.024714 
130800.000000 	0.114714 
131400.000000 	0.214714 
132000.000000 	0.304714 
132600.000000 	0.394714 
133200.000000 	0.484714 
133800.000000 	0.564714 
134400.000000 	0.644714 
135000.000000 	0.714714 
135600.000000 	0.784714 
136200.000000 	0.844714 
136800.000000 	0.904714 
137400.000000 	0.944714 
138000.000000 	0.994714 
138600.000000 	1.024714 
139200.000000 	1.054714 
139800.000000 	1.074714 
140400.000000 	1.084714 
141000.000000 	1.084714 
141600.000000 	1.084714 
142200.000000 	1.064714 
142800.000000 	1.044714 
143400.000000 	1.024714 
144000.000000 	0.984714 
144600.000000 	0.944714 
145200.000000 	0.894714 
145800.000000 	0.834714 
146400.000000 	0.774714 
147000.000000 	0.704714 
147600.000000 	0.634714 
148200.000000 	0.554714 
148800.000000 	0.474714 
149400.000000 	0.384714 
150000.000000 	0.304714 
150600.000000 	0.214714 
151200.000000 	0.114714 
151800.000000 	0.024714 
152400.000000 	-0.065286 
153000.000000 	-0.155286 
153600.000000 	-0.245286 
154200.000000 	-0.335286 
154800.000000 	-0.425286 
155400.000000 	-0.515286 
156000.000000 	-0.595286 
156600.000000 	-0.665286 
157200.000000 	-0.735286 
157800.000000 	-0.805286 
158400.000000 	-0.865286 
159000.000000 	-0.925286 
159600.000000 	-0.965286 
160200.000000 	-1.005286 
160800.000000 	-1.045286 
161400.000000 	-1.065286 
162000.000000 	-1.085286 
162600.000000 	-1.095286 
163200.000000 	-1.105286 
163800.000000 	-1.095286 
164400.000000 	-1.085286 
165000.000000 	-1.065286 
165600.000000 	-1.035286 
166200.000000 	-0.995286 
166800.000000 	-0.955286 
167400.000000 	-0.905286 
168000.000000 	-0.855286 
168600.000000 	-0.785286 
169200.000000 	-0.725286 
169800.000000 	-0.645286 
170400.000000 	-0.565286 
171000.000000 	-0.485286 
171600.000000 	-0.405286 
172200.000000 	-0.315286 
172800.000000 	-0.225286 
173400.000000 	-0.125286 
174000.000000 	-0.035286 
174600.000000 	0.054714 
175200.000000 	0.154714 
175800.000000 	0.244714 
176400.000000 	0.334714 
177000.000000 	0.424714 
177600.000000 	0.514714 
178200.000000 	0.594714 
178800.000000 	0.674714 
179400.000000 	0.744714 
180000.000000 	0.814714 
180600.000000 	0.884714 
181200.000000 	0.934714 
181800.000000 	0.984714 
182400.000000 	1.034714 
183000.000000 	1.074714 
183600.000000 	1.104714 
184200.000000 	1.124714 
184800.000000 	1.134714 
185400.000000 	1.144714 
186000.000000 	1.144714 
186600.000000 	1.134714 
187200.000000 	1.114714 
187800.000000 	1.094714 
188400.000000 	1.054714 
189000.000000 	1.014714 
189600.000000 	0.974714 
190200.000000 	0.914714 
190800.000000 	0.864714 
191400.000000 	0.794714 
192000.000000 	0.724714 
192600.000000 	0.644714 
193200.000000 	0.564714 
193800.000000 	0.484714 
194400.000000 	0.394714 
195000.000000 	0.304714 
195600.000000 	0.214714 
196200.000000 	0.114714 
196800.000000 	0.024714 
197400.000000 	-0.075286 
198000.000000 	-0.165286 
198600.000000 	-0.255286 
199200.000000 	-0.355286 
199800.000000 	-0.435286 
200400.000000 	-0.525286 
201000.000000 	-0.605286 
201600.000000 	-0.685286 
202200.000000 	-0.755286 
202800.000000 	-0.825286 
203400.000000 	-0.885286 
204000.000000 	-0.945286 
204600.000000 	-0.995286 
205200.000000 	-1.035286 
205800.000000 	-1.075286 
206400.000000 	-1.095286 
207000.000000 	-1.125286 
207600.000000 	-1.135286 
208200.000000 	-1.135286 
208800.000000 	-1.135286 
209400.000000 	-1.125286 
210000.000000 	-1.105286 
210600.000000 	-1.085286 
211200.000000 	-1.045286 
211800.000000 	-1.005286 
212400.000000 	-0.965286 
213000.000000 	-0.905286 
213600.000000 	-0.855286 
214200.000000 	-0.785286 
214800.000000 	-0.715286 
215400.000000 	-0.645286 
216000.000000 	-0.565286 
216600.000000 	-0.485286 
217200.000000 	-0.395286 
217800.000000 	-0.305286 
218400.000000 	-0.215286 
219000.000000 	-0.125286 
219600.000000 	-0.035286 
220200.000000 	0.054714 
220800.000000 	0.144714 
221400.000000 	0.234714 
222000.000000 	0.314714 
222600.000000 	0.404714 
223200.000000 	0.484714 
223800.000000 	0.554714 
224400.000000 	0.634714 
225000.000000 	0.694714 
225600.000000 	0.764714 
226200.000000 	0.814714 
226800.000000 	0.864714 
227400.000000 	0.914714 
228000.000000 	0.944714 
228600.000000 	0.974714 
229200.000000 	1.004714 
229800.000000 	1.014714 
230400.000000 	1.024714 
231000.000000 	1.024714 
231600.000000 	1.014714 
232200.000000 	1.004714 
232800.000000 	0.984714 
233400.000000 	0.954714 
234000.000000 	0.914714 
234600.000000 	0.874714 
235200.000000 	0.824714 
235800.000000 	0.764714 
236400.000000 	0.704714 
237000.000000 	0.644714 
237600.000000 	0.574714 
238200.000000 	0.494714 
238800.000000 	0.414714 
239400.000000 	0.334714 
240000.000000 	0.254714 
240600.000000 	0.164714 
241200.000000 	0.074714 
241800.000000 	-0.005286 
242400.000000 	-0.095286 
243000.000000 	-0.185286 
243600.000000 	-0.275286 
244200.000000 	-0.355286 
244800.000000 	-0.435286 
245400.000000 	-0.515286 
246000.000000 	-0.595286 
246600.000000 	-0.665286 
247200.000000 	-0.735286 
247800.000000 	-0.795286 
248400.000000 	-0.845286 
249000.000000 	-0.895286 
249600.000000 	-0.945286 
250200.000000 	-0.975286 
250800.000000 	-1.005286 
251400.000000 	-1.035286 
252000.000000 	-1.045286 
252600.000000 	-1.055286 
253200.000000 	-1.055286 
253800.000000 	-1.055286 
254400.000000 	-1.035286 
255000.000000 	-1.015286 
255600.000000 	-0.985286 
256200.000000 	-0.955286 
256800.000000 	-0.905286 
257400.000000 	-0.865286 
258000.000000 	-0.805286 
258600.000000 	-0.745286 
259200.000000 	-0.675286 
259800.000000 	-0.605286 
260400.000000 	-0.535286 
261000.000000 	-0.455286 
261600.000000 	-0.375286 
262200.000000 	-0.285286 
262800.000000 	-0.195286 
263400.000000 	-0.105286 
264000.000000 	-0.015286 
264600.000000 	0.074714 
265200.000000 	0.164714 
265800.000000 	0.254714 
266400.000000 	0.334714 
267000.000000 	0.424714 
267600.000000 	0.504714 
268200.000000 	0.584714 
268800.000000 	0.664714 
269400.000000 	0.734714 
270000.000000 	0.794714 
270600.000000 	0.854714 
271200.000000 	0.914714 
271800.000000 	0.964714 
272400.000000 	1.004714 
273000.000000 	1.044714 
273600.000000 	1.064714 
274200.000000 	1.084714 
274800.000000 	1.104714 
275400.000000 	1.104714 
276000.000000 	1.104714 
276600.000000 	1.094714 
277200.000000 	1.084714 
277800.000000 	1.054714 
278400.000000 	1.024714 
279000.000000 	0.984714 
279600.000000 	0.944714 
280200.000000 	0.894714 
280800.000000 	0.834714 
281400.000000 	0.774714 
282000.000000 	0.704714 
282600.000000 	0.634714 
283200.000000 	0.554714 
283800.000000 	0.474714 
284400.000000 	0.384714 
285000.000000 	0.304714 
285600.000000 	0.214714 
286200.000000 	0.124714 
286800.000000 	0.034714 
287400.000000 	-0.055286 
288000.000000 	-0.145286 
288600.000000 	-0.235286 
289200.000000 	-0.325286 
289800.000000 	-0.415286 
290400.000000 	-0.495286 
291000.000000 	-0.575286 
291600.000000 	-0.645286 
292200.000000 	-0.725286 
292800.000000 	-0.785286 
293400.000000 	-0.845286 
294000.000000 	-0.905286 
294600.000000 	-0.955286 
295200.000000 	-0.995286 
295800.000000 	-1.025286 
296400.000000 	-1.055286 
297000.000000 	-1.075286 
297600.000000 	-1.095286 
298200.000000 	-1.095286 
298800.000000 	-1.095286 
299400.000000 	-1.085286 
300000.000000 	-1.075286 
300600.000000 	-1.045286 
301200.000000 	-1.015286 
301800.000000 	-0.985286 
302400.000000 	-0.935286 
303000.000000 	-0.885286 
303600.000000 	-0.835286 
304200.000000 	-0.765286 
304800.000000 	-0.705286 
305400.000000 	-0.635286 
306000.000000 	-0.555286 
306600.000000 	-0.475286 
307200.000000 	-0.395286 
307800.000000 	-0.315286 
308400.000000 	-0.225286 
309000.000000 	-0.145286 
309600.000000 	-0.055286 
310200.000000 	0.034714 
310800.000000 	0.124714 
311400.000000 	0.204714 
312000.000000 	0.294714 
312600.000000 	0.374714 
313200.000000 	0.454714 
313800.000000 	0.524714 
314400.000000 	0.594714 
315000.000000 	0.664714 
315600.000000 	0.724714 
316200.000000 	0.774714 
316800.000000 	0.824714 
317400.000000 	0.874714 
318000.000000 	0.914714 
318600.000000 	0.944714 
319200.000000 	0.964714 
319800.000000 	0.984714 
320400.000000 	0.994714 
321000.000000 	0.994714 
321600.000000 	0.984714 
322200.000000 	0.974714 
322800.000000 	0.954714 
323400.000000 	0.924714 
324000.000000 	0.894714 
324600.000000 	0.854714 
325200.000000 	0.814714 
325800.000000 	0.754714 
326400.000000 	0.704714 
327000.000000 	0.634714 
327600.000000 	0.574714 
328200.000000 	0.494714 
328800.000000 	0.424714 
329400.000000 	0.344714 
330000.000000 	0.264714 
330600.000000 	0.174714 
331200.000000 	0.094714 
331800.000000 	0.004714 
332400.000000 	-0.075286 
333000.000000 	-0.165286 
333600.000000 	-0.245286 
334200.000000 	-0.335286 
334800.000000 	-0.415286 
335400.000000 	-0.485286 
336000.000000 	-0.565286 
336600.000000 	-0.635286 
337200.000000 	-0.705286 
337800.000000 	-0.765286 
338400.000000 	-0.825286 
339000.000000 	-0.875286 
339600.000000 	-0.915286 
340200.000000 	-0.955286 
