0 0.32
0.030303 0.320018
0.0606061 0.320035
0.0909091 0.32005
0.121212 0.320064
0.151515 0.320076
0.181818 0.320088
0.212121 0.320099
0.242424 0.320111
0.272727 0.320123
0.30303 0.320135
0.333333 0.320149
0.363636 0.320164
0.393939 0.32018
0.424242 0.320198
0.454545 0.320217
0.484848 0.320238
0.515152 0.320261
0.545455 0.320285
0.575758 0.320313
0.606061 0.320342
0.636364 0.320375
0.666667 0.32041
0.69697 0.320449
0.727273 0.320491
0.757576 0.320538
0.787879 0.320588
0.818182 0.320644
0.848485 0.320704
0.873737 0.320761
0.89899 0.320821
0.924242 0.320886
0.949495 0.320956
0.974747 0.321031
1 0.321111
1.02941 0.321209
1.05882 0.321316
1.08824 0.321433
1.11765 0.321561
1.14706 0.321699
1.17647 0.32185
1.20588 0.322014
1.23529 0.322192
1.26471 0.322386
1.29412 0.322595
1.32353 0.322822
1.35294 0.323067
1.38235 0.323332
1.41176 0.323619
1.44118 0.323928
1.47059 0.324261
1.5 0.32462
1.52941 0.325005
1.55882 0.325419
1.58824 0.325863
1.61765 0.326337
1.64496 0.326813
1.67227 0.327316
1.69958 0.327848
1.72689 0.32841
1.7542 0.329002
1.78151 0.329623
1.80882 0.330275
1.83613 0.330957
1.86345 0.331668
1.89076 0.332406
1.91807 0.333172
1.94538 0.333962
1.97269 0.334774
2 0.335605
2.02778 0.336464
2.05556 0.337335
2.08333 0.338213
2.11111 0.339093
2.13805 0.339946
2.16498 0.340787
2.19192 0.341611
2.21886 0.342411
2.24579 0.343181
2.27273 0.343912
2.29966 0.3446
2.3266 0.345236
2.35354 0.345815
2.38047 0.34633
2.40741 0.346777
2.43434 0.347151
2.46128 0.347446
2.48822 0.347659
2.51515 0.347789
2.54209 0.347835
2.56902 0.347797
2.59596 0.347666
2.6229 0.347459
2.64983 0.347177
2.67677 0.346839
2.7037 0.346423
2.73064 0.345929
2.75758 0.34536
2.78451 0.34473
2.81145 0.344057
2.83838 0.343348
2.86532 0.342612
2.89226 0.341851
2.91919 0.341068
2.94613 0.340265
2.97306 0.339448
3 0.338624
3.02703 0.3378
3.05405 0.336983
3.08108 0.336177
3.10811 0.335385
3.13514 0.334608
3.16216 0.333847
3.18919 0.333105
3.21622 0.332385
3.24324 0.331689
3.27027 0.331018
3.2973 0.330373
3.32432 0.329755
3.35135 0.329163
3.37838 0.328598
3.40541 0.328059
3.43243 0.327547
3.45946 0.327061
3.48649 0.3266
3.51351 0.326165
3.54054 0.325754
3.56757 0.325366
3.59459 0.325001
3.62162 0.324658
3.64865 0.324335
3.67568 0.324033
3.7027 0.323749
3.72973 0.323483
3.75676 0.323235
3.78378 0.323003
3.81081 0.322786
3.83784 0.322584
3.86486 0.322396
3.89189 0.32222
3.91892 0.322057
3.94595 0.321905
3.97297 0.321764
4 0.321633
4.02703 0.321511
4.05405 0.321398
4.08108 0.321293
4.10811 0.321196
4.13514 0.321105
4.16216 0.321022
4.18919 0.320944
4.21622 0.320872
4.24324 0.320806
4.27027 0.320744
4.2973 0.320688
4.32432 0.320635
4.35135 0.320586
4.37838 0.320541
4.40541 0.3205
4.43243 0.320461
4.45946 0.320426
4.48649 0.320393
4.51351 0.320362
4.54054 0.320334
4.56757 0.320308
4.59459 0.320284
4.62162 0.320262
4.64865 0.320242
4.67568 0.320223
4.7027 0.320206
4.72973 0.32019
4.75676 0.320175
4.78378 0.320162
4.81081 0.320149
4.83784 0.320137
4.86486 0.320127
4.89189 0.320117
4.91892 0.320108
4.94595 0.320099
4.97297 0.320091
5 0.320084
5.02703 0.320077
5.05405 0.320071
5.08108 0.320066
5.10811 0.320061
5.13514 0.320056
5.16216 0.320051
5.18919 0.320047
5.21622 0.320044
5.24324 0.32004
5.27027 0.320037
5.2973 0.320034
5.32432 0.320031
5.35135 0.320029
5.37838 0.320027
5.40541 0.320024
5.43243 0.320022
5.45946 0.320021
5.48649 0.320019
5.51351 0.320017
5.54054 0.320016
5.56757 0.320015
5.59459 0.320013
5.62162 0.320012
5.64865 0.320011
5.67568 0.32001
5.7027 0.320009
5.72973 0.320009
5.75676 0.320008
5.78378 0.320007
5.81081 0.320007
5.83784 0.320006
5.86486 0.320005
5.89189 0.320005
5.91892 0.320005
5.94595 0.320004
5.97297 0.320004
6 0.320003
6.02703 0.320003
6.05405 0.320003
6.08108 0.320002
6.10811 0.320002
6.13514 0.320002
6.16216 0.320002
6.18919 0.320002
6.21622 0.320001
6.24324 0.320001
6.27027 0.320001
6.2973 0.320001
6.32432 0.320001
6.35135 0.320001
6.37838 0.32
6.40541 0.32
6.43243 0.32
6.45946 0.32
6.48649 0.32
6.51351 0.32
6.54054 0.32
6.56757 0.32
6.59459 0.32
6.62162 0.32
6.64865 0.32
6.67568 0.32
6.7027 0.32
6.72973 0.32
6.75676 0.32
6.78378 0.319999
6.81081 0.319999
6.83784 0.319999
6.86486 0.319999
6.89189 0.319999
6.91892 0.319999
6.94595 0.319999
6.97297 0.319999
7 0.319999
7.02703 0.319999
7.05405 0.319999
7.08108 0.319999
7.10811 0.319999
7.13514 0.319999
7.16216 0.319999
7.18919 0.319999
7.21622 0.319999
7.24324 0.319999
7.27027 0.319999
7.2973 0.319999
7.32432 0.319999
7.35135 0.319999
7.37838 0.319999
7.40541 0.319999
7.43243 0.319999
7.45946 0.319999
7.48649 0.319999
7.51351 0.319999
7.54054 0.319999
7.56757 0.319999
7.59459 0.319999
7.62162 0.319999
7.64865 0.319999
7.67568 0.319999
7.7027 0.319999
7.72973 0.319999
7.75676 0.319999
7.78378 0.319999
7.81081 0.319999
7.83784 0.319999
7.86486 0.319999
7.89189 0.319999
7.91892 0.319999
7.94595 0.319999
7.97297 0.319999
8 0.319999
8.02703 0.319999
8.05405 0.319999
8.08108 0.319999
8.10811 0.319999
8.13514 0.319999
8.16216 0.319999
8.18919 0.319999
8.21622 0.319999
8.24324 0.319999
8.27027 0.319999
8.2973 0.319999
8.32332 0.319999
8.34935 0.319999
8.37538 0.319999
8.4014 0.319999
8.42743 0.319999
8.45345 0.319999
8.47948 0.319999
8.50551 0.319999
8.53153 0.319999
8.55756 0.319999
8.58358 0.319999
8.60961 0.319999
8.63564 0.319999
8.66166 0.319999
8.68769 0.319999
8.71371 0.319999
8.73974 0.319999
8.76577 0.319999
8.79179 0.319999
8.81782 0.319999
8.84384 0.319999
8.86987 0.319999
8.8959 0.319999
8.92192 0.319999
8.94795 0.319999
8.97397 0.319999
9 0.319999
9.02703 0.319999
9.05405 0.319999
9.08108 0.319999
9.10811 0.319999
9.13514 0.319999
9.16216 0.319999
9.18919 0.319999
9.21622 0.319999
9.24324 0.319999
9.27027 0.319999
9.2973 0.319999
9.32432 0.319999
9.35135 0.319999
9.37838 0.319999
9.40541 0.319999
9.43243 0.319999
9.45946 0.319999
9.48649 0.319999
9.51351 0.319999
9.54054 0.319999
9.56757 0.319999
9.59459 0.319999
9.62162 0.319999
9.64865 0.319999
9.67568 0.319999
9.7027 0.319999
9.72973 0.319999
9.75676 0.319999
9.78378 0.319999
9.81081 0.319999
9.83784 0.319999
9.86486 0.319999
9.89189 0.319999
9.91892 0.319999
9.94595 0.319999
9.97297 0.319999
10 0.319999
10.027 0.319999
10.0541 0.319999
10.0811 0.319999
10.1081 0.319999
10.1351 0.319999
10.1622 0.319999
10.1892 0.319998
10.2162 0.319998
10.2432 0.319998
10.2703 0.319998
10.2973 0.319998
10.3243 0.319998
10.3514 0.319998
10.3784 0.319998
10.4054 0.319998
10.4324 0.319998
10.4595 0.319998
10.4865 0.319998
10.5135 0.319998
10.5405 0.319998
10.5676 0.319998
10.5946 0.319998
10.6216 0.319998
10.6486 0.319998
10.6757 0.319999
10.7027 0.319999
10.7297 0.319999
10.7568 0.319999
10.7838 0.32
10.8108 0.32
10.8378 0.32
10.8649 0.320001
10.8919 0.320001
10.9189 0.320002
10.9459 0.320002
10.973 0.320002
11 0.320003
11.027 0.320003
11.0541 0.320003
11.0811 0.320004
11.1081 0.320004
11.1351 0.320005
11.1622 0.320006
11.1892 0.320007
11.2162 0.320009
11.2432 0.320011
11.2703 0.320013
11.2973 0.320016
11.3243 0.320019
11.3514 0.320022
11.3784 0.320025
11.4054 0.320028
11.4324 0.320032
11.4595 0.320035
11.4865 0.320038
11.5135 0.320041
11.5405 0.320044
11.5676 0.320047
11.5946 0.320049
11.6216 0.320052
11.6486 0.320054
11.6757 0.320056
11.7027 0.320058
11.7297 0.32006
11.7568 0.320062
11.7838 0.320065
11.8108 0.320068
11.8378 0.320071
11.8649 0.320076
11.8919 0.320082
11.9189 0.32009
11.9459 0.320101
11.973 0.320118
12 0.320143
12.027 0.320177
12.0541 0.320219
12.0811 0.320269
12.1081 0.320327
12.1351 0.320392
12.1622 0.320462
12.1892 0.320538
12.2162 0.320619
12.2432 0.320704
12.2703 0.320794
12.2973 0.320888
12.3243 0.320985
12.3514 0.321086
12.3784 0.321191
12.4054 0.321298
12.4324 0.321407
12.4595 0.321518
12.4865 0.321632
12.5135 0.321746
12.5405 0.321861
12.5676 0.321976
12.5946 0.322092
12.6216 0.322207
12.6486 0.322322
12.6757 0.322435
12.7027 0.322548
12.7297 0.32266
12.7568 0.322771
12.7838 0.322881
12.8108 0.32299
12.8378 0.323098
12.8649 0.323205
12.8919 0.32331
12.9189 0.323414
12.9459 0.323517
12.973 0.323618
13 0.323717
13.027 0.323813
13.0541 0.323907
13.0811 0.323998
13.1081 0.324086
13.1351 0.32417
13.1622 0.324252
13.1892 0.32433
13.2162 0.324405
13.2432 0.324477
13.2703 0.324548
13.2973 0.324616
13.3243 0.324683
13.3514 0.32475
13.3784 0.324817
13.4054 0.324885
13.4324 0.324954
13.4595 0.325025
13.4865 0.325099
13.5135 0.325175
13.5405 0.325255
13.5676 0.325337
13.5946 0.325422
13.6216 0.32551
13.6486 0.325599
13.6757 0.32569
13.7027 0.325782
13.7297 0.325874
13.7568 0.325966
13.7838 0.326057
13.8108 0.326148
13.8378 0.326237
13.8649 0.326325
13.8919 0.326413
13.9189 0.3265
13.9459 0.326587
13.973 0.326678
14 0.326774
14.027 0.326879
14.0541 0.326997
14.0811 0.327128
14.1081 0.327273
14.1351 0.327432
14.1622 0.327603
14.1892 0.327784
14.2162 0.32797
14.2432 0.32816
14.2703 0.328344
14.2973 0.328523
14.3243 0.328693
14.3514 0.328852
14.3784 0.329
14.4054 0.329135
14.4324 0.329259
14.4595 0.329369
14.4865 0.329464
14.5135 0.329543
14.5405 0.329606
14.5676 0.32965
14.5946 0.329676
14.6216 0.329683
14.6486 0.329673
14.6757 0.329647
14.7027 0.329606
14.7297 0.329553
14.7568 0.329492
14.7838 0.329423
14.8108 0.329342
14.8378 0.329246
14.8649 0.329138
14.8919 0.329016
14.9189 0.328881
14.9459 0.328733
14.973 0.328573
15 0.3284
15.027 0.328212
15.0541 0.328008
15.0811 0.327788
15.1081 0.32755
15.1351 0.327294
15.1622 0.327019
15.1892 0.326725
15.2162 0.326413
15.2432 0.326082
15.2703 0.325735
15.2973 0.32537
15.3243 0.32499
15.3514 0.324596
15.3784 0.324188
15.4054 0.323768
15.4324 0.323338
15.4595 0.322898
15.4865 0.32245
15.5135 0.321995
15.5405 0.321535
15.5676 0.321072
15.5946 0.320605
15.6216 0.320136
15.6486 0.319667
15.6757 0.319198
15.7027 0.318729
15.7297 0.318261
15.7568 0.317795
15.7838 0.31733
15.8108 0.316867
15.8378 0.316408
15.8649 0.315954
15.8919 0.315506
15.9189 0.315064
15.9459 0.314631
15.973 0.31421
16 0.313803
16.027 0.313414
16.0541 0.313045
16.0811 0.312699
16.1081 0.312377
16.1351 0.312079
16.1622 0.311806
16.1892 0.311557
16.2162 0.311331
16.2432 0.311129
16.2703 0.310948
16.2973 0.310788
16.3243 0.310648
16.3514 0.310526
16.3784 0.31042
16.4054 0.310331
16.4324 0.310257
16.4595 0.310197
16.4865 0.310151
16.5135 0.310119
16.5405 0.3101
16.5676 0.310094
16.5946 0.310103
16.6216 0.310126
16.6486 0.310159
16.6757 0.310205
16.7027 0.310266
16.7297 0.310348
16.7568 0.310452
16.7838 0.31058
16.8108 0.310729
16.8378 0.3109
16.8649 0.31109
16.8919 0.311295
16.9189 0.311512
16.9459 0.311741
16.973 0.311978
17 0.31222
17.0278 0.312473
17.0556 0.312727
17.0833 0.312981
17.1111 0.31323
17.1389 0.313475
17.1667 0.313714
17.1944 0.313945
17.2222 0.314169
17.25 0.314383
17.2778 0.314589
17.3056 0.314785
17.3333 0.314971
17.3611 0.315148
17.3889 0.315316
17.4167 0.315474
17.4444 0.315623
17.4722 0.315763
17.4986 0.315888
17.525 0.316006
17.5514 0.316116
17.5778 0.31622
17.6042 0.316316
17.6306 0.316407
17.6569 0.316492
17.6833 0.316572
17.7097 0.316647
17.7361 0.316718
17.7625 0.316786
17.7889 0.316851
17.8153 0.316913
17.8417 0.316973
17.8681 0.317031
17.8944 0.317088
17.9208 0.317143
17.9472 0.317197
17.9736 0.317251
18 0.317303
18.027 0.317355
18.0541 0.317406
18.0811 0.317456
18.1081 0.317504
18.1351 0.31755
18.1622 0.317595
18.1892 0.317637
18.2162 0.317678
18.2432 0.317718
18.2703 0.317755
18.2973 0.31779
18.3243 0.317823
18.3514 0.317853
18.3784 0.317881
18.4054 0.317906
18.4324 0.317928
18.4595 0.317945
18.4865 0.317959
18.5135 0.317969
18.5405 0.317975
18.5676 0.317978
18.5946 0.317979
18.6216 0.317975
18.6486 0.317967
18.6757 0.317954
18.7027 0.317937
18.7297 0.317916
18.7568 0.317891
18.7838 0.317864
18.8108 0.317834
18.8378 0.317802
18.8649 0.317769
18.8919 0.317734
18.9189 0.317699
18.9459 0.317663
18.973 0.317627
19 0.317593
19.027 0.317558
19.0541 0.317525
19.0811 0.317493
19.1081 0.317463
19.1351 0.317434
19.1622 0.317408
19.1892 0.317383
19.2162 0.31736
19.2432 0.31734
19.2703 0.317321
19.2973 0.317305
19.3243 0.317291
19.3514 0.317278
19.3784 0.317267
19.4054 0.317258
19.4324 0.317251
19.4595 0.317245
19.4865 0.317242
19.5135 0.31724
19.5405 0.31724
19.5676 0.317242
19.5946 0.317246
19.6216 0.317253
19.6486 0.31726
19.6757 0.31727
19.7027 0.317281
19.7297 0.317294
19.7568 0.31731
19.7838 0.317329
19.8108 0.317349
19.8378 0.317372
19.8649 0.317396
19.8919 0.317421
19.9189 0.317447
19.9459 0.317474
19.973 0.317501
20 0.317529
