0 0.32
0.030303 0.32
0.0606061 0.32
0.0909091 0.32
0.121212 0.32
0.151515 0.32
0.181818 0.32
0.212121 0.32
0.242424 0.32
0.272727 0.32
0.30303 0.32
0.333333 0.32
0.363636 0.32
0.393939 0.32
0.424242 0.32
0.454545 0.32
0.484848 0.32
0.515152 0.32
0.545455 0.32
0.575758 0.32
0.606061 0.32
0.636364 0.32
0.666667 0.32
0.69697 0.32
0.727273 0.32
0.757576 0.32
0.787879 0.32
0.818182 0.32
0.848485 0.32
0.873737 0.32
0.89899 0.32
0.924242 0.32
0.949495 0.32
0.974747 0.32
1 0.32
1.02941 0.32
1.05882 0.32
1.08824 0.32
1.11765 0.32
1.14706 0.32
1.17647 0.32
1.20588 0.32
1.23529 0.32
1.26471 0.32
1.29412 0.32
1.32353 0.32
1.35294 0.32
1.38235 0.32
1.41176 0.32
1.44118 0.32
1.47059 0.32
1.5 0.32
1.52941 0.32
1.55882 0.32
1.58824 0.32
1.61765 0.32
1.64496 0.32
1.67227 0.32
1.69958 0.32
1.72689 0.32
1.7542 0.32
1.78151 0.32
1.80882 0.32
1.83613 0.32
1.86345 0.32
1.89076 0.32
1.91807 0.32
1.94538 0.32
1.97269 0.32
2 0.32
2.02778 0.32
2.05556 0.32
2.08333 0.32
2.11111 0.32
2.13805 0.32
2.16498 0.32
2.19192 0.32
2.21886 0.32
2.24579 0.32
2.27273 0.32
2.29966 0.32
2.3266 0.32
2.35354 0.32
2.38047 0.32
2.40741 0.32
2.43434 0.32
2.46128 0.32
2.48822 0.32
2.51515 0.32
2.54209 0.32
2.56902 0.32
2.59596 0.32
2.6229 0.32
2.64983 0.32
2.67677 0.32
2.7037 0.32
2.73064 0.32
2.75758 0.32
2.78451 0.32
2.81145 0.32
2.83838 0.32
2.86532 0.32
2.89226 0.32
2.91919 0.32
2.94613 0.32
2.97306 0.32
3 0.32
3.02703 0.32
3.05405 0.32
3.08108 0.32
3.10811 0.32
3.13514 0.32
3.16216 0.32
3.18919 0.32
3.21622 0.32
3.24324 0.32
3.27027 0.32
3.2973 0.32
3.32432 0.32
3.35135 0.32
3.37838 0.32
3.40541 0.32
3.43243 0.32
3.45946 0.32
3.48649 0.32
3.51351 0.32
3.54054 0.32
3.56757 0.32
3.59459 0.32
3.62162 0.32
3.64865 0.32
3.67568 0.32
3.7027 0.32
3.72973 0.32
3.75676 0.32
3.78378 0.32
3.81081 0.32
3.83784 0.32
3.86486 0.32
3.89189 0.32
3.91892 0.32
3.94595 0.32
3.97297 0.32
4 0.32
4.02703 0.32
4.05405 0.32
4.08108 0.32
4.10811 0.32
4.13514 0.32
4.16216 0.32
4.18919 0.32
4.21622 0.32
4.24324 0.32
4.27027 0.32
4.2973 0.32
4.32432 0.32
4.35135 0.32
4.37838 0.32
4.40541 0.32
4.43243 0.32
4.45946 0.32
4.48649 0.32
4.51351 0.32
4.54054 0.32
4.56757 0.32
4.59459 0.32
4.62162 0.32
4.64865 0.32
4.67568 0.32
4.7027 0.32
4.72973 0.32
4.75676 0.32
4.78378 0.32
4.81081 0.32
4.83784 0.32
4.86486 0.32
4.89189 0.32
4.91892 0.32
4.94595 0.32
4.97297 0.32
5 0.32
5.02703 0.32
5.05405 0.32
5.08108 0.32
5.10811 0.32
5.13514 0.32
5.16216 0.32
5.18919 0.32
5.21622 0.32
5.24324 0.32
5.27027 0.32
5.2973 0.32
5.32432 0.32
5.35135 0.32
5.37838 0.32
5.40541 0.32
5.43243 0.32
5.45946 0.32
5.48649 0.32
5.51351 0.32
5.54054 0.32
5.56757 0.32
5.59459 0.32
5.62162 0.32
5.64865 0.32
5.67568 0.32
5.7027 0.32
5.72973 0.32
5.75676 0.32
5.78378 0.32
5.81081 0.32
5.83784 0.32
5.86486 0.32
5.89189 0.32
5.91892 0.32
5.94595 0.32
5.97297 0.32
6 0.32
6.02703 0.32
6.05405 0.32
6.08108 0.32
6.10811 0.32
6.13514 0.32
6.16216 0.32
6.18919 0.32
6.21622 0.32
6.24324 0.32
6.27027 0.32
6.2973 0.32
6.32432 0.32
6.35135 0.32
6.37838 0.32
6.40541 0.32
6.43243 0.32
6.45946 0.32
6.48649 0.32
6.51351 0.32
6.54054 0.32
6.56757 0.32
6.59459 0.32
6.62162 0.32
6.64865 0.32
6.67568 0.32
6.7027 0.32
6.72973 0.32
6.75676 0.32
6.78378 0.32
6.81081 0.32
6.83784 0.32
6.86486 0.32
6.89189 0.32
6.91892 0.32
6.94595 0.32
6.97297 0.32
7 0.32
7.02703 0.32
7.05405 0.32
7.08108 0.32
7.10811 0.32
7.13514 0.32
7.16216 0.32
7.18919 0.32
7.21622 0.32
7.24324 0.32
7.27027 0.32
7.2973 0.32
7.32432 0.32
7.35135 0.32
7.37838 0.32
7.40541 0.32
7.43243 0.32
7.45946 0.32
7.48649 0.32
7.51351 0.32
7.54054 0.32
7.56757 0.320001
7.59459 0.320001
7.62162 0.320001
7.64865 0.320002
7.67568 0.320003
7.7027 0.320005
7.72973 0.320007
7.75676 0.32001
7.78378 0.320015
7.81081 0.320021
7.83784 0.320028
7.86486 0.320036
7.89189 0.320046
7.91892 0.320055
7.94595 0.320066
7.97297 0.320077
8 0.320088
8.02703 0.320101
8.05405 0.320115
8.08108 0.320129
8.10811 0.320144
8.13514 0.320161
8.16216 0.320178
8.18919 0.320197
8.21622 0.320217
8.24324 0.320239
8.27027 0.320262
8.2973 0.320288
8.32332 0.320316
8.34935 0.320347
8.37538 0.320381
8.4014 0.32042
8.42743 0.320463
8.45345 0.320511
8.47948 0.320563
8.50551 0.320621
8.53153 0.320687
8.55756 0.320756
8.58358 0.320827
8.60961 0.320897
8.63564 0.320966
8.66166 0.321035
8.68769 0.321103
8.71371 0.321172
8.73974 0.321243
8.76577 0.321318
8.79179 0.321401
8.81782 0.321493
8.84384 0.321599
8.86987 0.321726
8.8959 0.321889
8.92192 0.32211
8.94795 0.322439
8.97397 0.322965
9 0.323855
9.02703 0.325441
9.05405 0.327789
9.08108 0.330744
9.10811 0.333942
9.13514 0.336991
9.16216 0.339797
9.18919 0.342222
9.21622 0.344087
9.24324 0.345493
9.27027 0.346573
9.2973 0.34745
9.32432 0.348174
9.35135 0.348788
9.37838 0.349299
9.40541 0.349741
9.43243 0.350166
9.45946 0.350578
9.48649 0.351004
9.51351 0.351443
9.54054 0.351864
9.56757 0.352254
9.59459 0.35262
9.62162 0.352938
9.64865 0.353235
9.67568 0.353523
9.7027 0.353799
9.72973 0.354116
9.75676 0.354462
9.78378 0.35472
9.81081 0.355036
9.83784 0.355345
9.86486 0.355658
9.89189 0.355949
9.91892 0.35619
9.94595 0.356379
9.97297 0.356469
10 0.356424
10.027 0.356195
10.0541 0.355788
10.0811 0.355157
10.1081 0.354283
10.1351 0.35324
10.1622 0.352078
10.1892 0.350827
10.2162 0.349529
10.2432 0.34822
10.2703 0.34691
10.2973 0.345593
10.3243 0.344255
10.3514 0.34289
10.3784 0.341499
10.4054 0.340081
10.4324 0.33864
10.4595 0.33718
10.4865 0.335718
10.5135 0.33426
10.5405 0.332819
10.5676 0.331417
10.5946 0.330072
10.6216 0.328805
10.6486 0.327625
10.6757 0.326517
10.7027 0.325443
10.7297 0.324389
10.7568 0.323362
10.7838 0.322372
10.8108 0.321413
10.8378 0.320482
10.8649 0.319579
10.8919 0.318709
10.9189 0.317876
10.9459 0.317086
10.973 0.31634
11 0.31564
11.027 0.314988
11.0541 0.314383
11.0811 0.313825
11.1081 0.313313
11.1351 0.312845
11.1622 0.312421
11.1892 0.312038
11.2162 0.311694
11.2432 0.311388
11.2703 0.311119
11.2973 0.310884
11.3243 0.310681
11.3514 0.310511
11.3784 0.31037
11.4054 0.310259
11.4324 0.310175
11.4595 0.310118
11.4865 0.310087
11.5135 0.31008
11.5405 0.310097
11.5676 0.310136
11.5946 0.310196
11.6216 0.310275
11.6486 0.310373
11.6757 0.310488
11.7027 0.310617
11.7297 0.31076
11.7568 0.310913
11.7838 0.311077
11.8108 0.311249
11.8378 0.311428
11.8649 0.311612
11.8919 0.3118
11.9189 0.311991
11.9459 0.31218
11.973 0.312369
12 0.312556
12.027 0.312743
12.0541 0.31293
12.0811 0.313117
12.1081 0.313301
12.1351 0.313481
12.1622 0.313657
12.1892 0.313827
12.2162 0.31399
12.2432 0.314144
12.2703 0.314293
12.2973 0.31444
12.3243 0.314589
12.3514 0.314739
12.3784 0.314885
12.4054 0.315029
12.4324 0.315174
12.4595 0.31532
12.4865 0.315468
12.5135 0.315616
12.5405 0.315764
12.5676 0.315912
12.5946 0.316058
12.6216 0.316201
12.6486 0.316341
12.6757 0.316474
12.7027 0.316599
12.7297 0.316716
12.7568 0.316822
12.7838 0.316918
12.8108 0.317003
12.8378 0.317078
12.8649 0.317144
12.8919 0.317202
12.9189 0.317253
12.9459 0.317298
12.973 0.317339
13 0.317378
13.027 0.317416
13.0541 0.317455
13.0811 0.317496
13.1081 0.317538
13.1351 0.317582
13.1622 0.317627
13.1892 0.317673
13.2162 0.31772
13.2432 0.31777
13.2703 0.317822
13.2973 0.317878
13.3243 0.317935
13.3514 0.317994
13.3784 0.318051
13.4054 0.318108
13.4324 0.318165
13.4595 0.318219
13.4865 0.318272
13.5135 0.318323
13.5405 0.318371
13.5676 0.318416
13.5946 0.318457
13.6216 0.318493
13.6486 0.318525
13.6757 0.318551
13.7027 0.318575
13.7297 0.318595
13.7568 0.318614
13.7838 0.318631
13.8108 0.318649
13.8378 0.318666
13.8649 0.318683
13.8919 0.318701
13.9189 0.318719
13.9459 0.318738
13.973 0.318757
14 0.318777
14.027 0.318797
14.0541 0.318816
14.0811 0.318834
14.1081 0.31885
14.1351 0.318864
14.1622 0.318875
14.1892 0.318884
14.2162 0.318889
14.2432 0.318891
14.2703 0.318891
14.2973 0.318888
14.3243 0.318882
14.3514 0.318873
14.3784 0.31886
14.4054 0.318844
14.4324 0.318823
14.4595 0.318799
14.4865 0.318771
14.5135 0.318741
14.5405 0.31871
14.5676 0.31868
14.5946 0.318651
14.6216 0.318623
14.6486 0.318596
14.6757 0.31857
14.7027 0.318545
14.7297 0.318522
14.7568 0.318499
14.7838 0.318478
14.8108 0.318456
14.8378 0.318436
14.8649 0.318415
14.8919 0.318395
14.9189 0.318375
14.9459 0.318356
14.973 0.318337
15 0.318319
15.027 0.318302
15.0541 0.318285
15.0811 0.31827
15.1081 0.318256
15.1351 0.318245
15.1622 0.318236
15.1892 0.318231
15.2162 0.318229
15.2432 0.318233
15.2703 0.318242
15.2973 0.318257
15.3243 0.318279
15.3514 0.318309
15.3784 0.318346
15.4054 0.318392
15.4324 0.31845
15.4595 0.31852
15.4865 0.318602
15.5135 0.318695
15.5405 0.318798
15.5676 0.318912
15.5946 0.319037
15.6216 0.319173
15.6486 0.319319
15.6757 0.319477
15.7027 0.319646
15.7297 0.319825
15.7568 0.320012
15.7838 0.320206
15.8108 0.320407
15.8378 0.320615
15.8649 0.32083
15.8919 0.321058
15.9189 0.321322
15.9459 0.321577
15.973 0.321833
16 0.32209
16.027 0.322355
16.0541 0.322628
16.0811 0.322906
16.1081 0.323188
16.1351 0.323475
16.1622 0.323768
16.1892 0.324064
16.2162 0.32436
16.2432 0.324654
16.2703 0.324946
16.2973 0.325231
16.3243 0.325509
16.3514 0.325777
16.3784 0.326029
16.4054 0.326264
16.4324 0.326479
16.4595 0.326668
16.4865 0.326831
16.5135 0.326966
16.5405 0.327076
16.5676 0.32716
16.5946 0.327219
16.6216 0.327252
16.6486 0.327262
16.6757 0.327252
16.7027 0.327228
16.7297 0.327194
16.7568 0.327144
16.7838 0.327066
16.8108 0.326979
16.8378 0.326883
16.8649 0.326783
16.8919 0.326678
16.9189 0.326569
16.9459 0.326454
16.973 0.326328
17 0.3262
17.0278 0.326087
17.0556 0.325987
17.0833 0.325871
17.1111 0.325741
17.1389 0.325595
17.1667 0.325423
17.1944 0.325202
17.2222 0.324939
17.25 0.324632
17.2778 0.324286
17.3056 0.323912
17.3333 0.323515
17.3611 0.323117
17.3889 0.322721
17.4167 0.32233
17.4444 0.321946
17.4722 0.321574
17.4986 0.321225
17.525 0.320876
17.5514 0.32053
17.5778 0.320188
17.6042 0.31985
17.6306 0.319514
17.6569 0.319179
17.6833 0.318846
17.7097 0.318514
17.7361 0.318185
17.7625 0.317858
17.7889 0.317533
17.8153 0.31721
17.8417 0.316892
17.8681 0.316577
17.8944 0.316268
17.9208 0.315968
17.9472 0.315679
17.9736 0.315402
18 0.315137
18.027 0.314879
18.0541 0.314637
18.0811 0.314412
18.1081 0.314205
18.1351 0.314018
18.1622 0.313854
18.1892 0.313707
18.2162 0.313582
18.2432 0.31348
18.2703 0.313399
18.2973 0.313339
18.3243 0.313296
18.3514 0.313269
18.3784 0.31326
18.4054 0.313269
18.4324 0.313309
18.4595 0.313372
18.4865 0.313457
18.5135 0.313562
18.5405 0.313689
18.5676 0.313837
18.5946 0.314003
18.6216 0.314188
18.6486 0.314393
18.6757 0.314617
18.7027 0.314862
18.7297 0.315128
18.7568 0.315412
18.7838 0.315714
18.8108 0.31603
18.8378 0.316359
18.8649 0.316701
18.8919 0.317052
18.9189 0.317412
18.9459 0.317779
18.973 0.318151
19 0.318527
19.027 0.318902
19.0541 0.319278
19.0811 0.31965
19.1081 0.320018
19.1351 0.320378
19.1622 0.320728
19.1892 0.321079
19.2162 0.321406
19.2432 0.321714
19.2703 0.322001
19.2973 0.322264
19.3243 0.322508
19.3514 0.322736
19.3784 0.322948
19.4054 0.323145
19.4324 0.323325
19.4595 0.323484
19.4865 0.323622
19.5135 0.323738
19.5405 0.323832
19.5676 0.323902
19.5946 0.323952
19.6216 0.323984
19.6486 0.324
19.6757 0.324001
19.7027 0.323984
19.7297 0.323953
19.7568 0.323911
19.7838 0.323861
19.8108 0.323804
19.8378 0.323735
19.8649 0.323653
19.8919 0.323567
19.9189 0.32348
19.9459 0.323396
19.973 0.323314
20 0.323236
