0 0.32
0.030303 0.32
0.0606061 0.32
0.0909091 0.32
0.121212 0.32
0.151515 0.32
0.181818 0.32
0.212121 0.32
0.242424 0.32
0.272727 0.32
0.30303 0.32
0.333333 0.32
0.363636 0.32
0.393939 0.32
0.424242 0.32
0.454545 0.32
0.484848 0.32
0.515152 0.32
0.545455 0.32
0.575758 0.32
0.606061 0.32
0.636364 0.32
0.666667 0.32
0.69697 0.32
0.727273 0.32
0.757576 0.32
0.787879 0.32
0.818182 0.32
0.848485 0.32
0.873737 0.32
0.89899 0.32
0.924242 0.32
0.949495 0.32
0.974747 0.32
1 0.32
1.02941 0.32
1.05882 0.32
1.08824 0.32
1.11765 0.32
1.14706 0.32
1.17647 0.32
1.20588 0.32
1.23529 0.32
1.26471 0.32
1.29412 0.32
1.32353 0.32
1.35294 0.32
1.38235 0.32
1.41176 0.32
1.44118 0.32
1.47059 0.32
1.5 0.32
1.52941 0.32
1.55882 0.32
1.58824 0.32
1.61765 0.32
1.64496 0.32
1.67227 0.32
1.69958 0.32
1.72689 0.32
1.7542 0.32
1.78151 0.32
1.80882 0.32
1.83613 0.32
1.86345 0.32
1.89076 0.32
1.91807 0.32
1.94538 0.32
1.97269 0.32
2 0.32
2.02778 0.32
2.05556 0.32
2.08333 0.32
2.11111 0.32
2.13805 0.32
2.16498 0.32
2.19192 0.32
2.21886 0.32
2.24579 0.32
2.27273 0.32
2.29966 0.32
2.3266 0.32
2.35354 0.32
2.38047 0.32
2.40741 0.32
2.43434 0.32
2.46128 0.32
2.48822 0.32
2.51515 0.32
2.54209 0.32
2.56902 0.32
2.59596 0.32
2.6229 0.32
2.64983 0.32
2.67677 0.32
2.7037 0.32
2.73064 0.32
2.75758 0.32
2.78451 0.32
2.81145 0.32
2.83838 0.32
2.86532 0.32
2.89226 0.32
2.91919 0.32
2.94613 0.32
2.97306 0.32
3 0.32
3.02703 0.32
3.05405 0.32
3.08108 0.32
3.10811 0.32
3.13514 0.32
3.16216 0.32
3.18919 0.32
3.21622 0.32
3.24324 0.32
3.27027 0.32
3.2973 0.32
3.32432 0.32
3.35135 0.32
3.37838 0.32
3.40541 0.32
3.43243 0.32
3.45946 0.32
3.48649 0.32
3.51351 0.32
3.54054 0.32
3.56757 0.32
3.59459 0.32
3.62162 0.32
3.64865 0.32
3.67568 0.32
3.7027 0.32
3.72973 0.32
3.75676 0.32
3.78378 0.32
3.81081 0.32
3.83784 0.32
3.86486 0.32
3.89189 0.32
3.91892 0.32
3.94595 0.32
3.97297 0.32
4 0.32
4.02703 0.32
4.05405 0.32
4.08108 0.32
4.10811 0.32
4.13514 0.32
4.16216 0.32
4.18919 0.32
4.21622 0.32
4.24324 0.32
4.27027 0.32
4.2973 0.32
4.32432 0.32
4.35135 0.32
4.37838 0.32
4.40541 0.32
4.43243 0.32
4.45946 0.32
4.48649 0.32
4.51351 0.32
4.54054 0.32
4.56757 0.32
4.59459 0.32
4.62162 0.32
4.64865 0.32
4.67568 0.32
4.7027 0.32
4.72973 0.32
4.75676 0.32
4.78378 0.32
4.81081 0.32
4.83784 0.32
4.86486 0.32
4.89189 0.32
4.91892 0.32
4.94595 0.32
4.97297 0.32
5 0.32
5.02703 0.32
5.05405 0.32
5.08108 0.32
5.10811 0.32
5.13514 0.32
5.16216 0.32
5.18919 0.32
5.21622 0.32
5.24324 0.32
5.27027 0.32
5.2973 0.32
5.32432 0.32
5.35135 0.32
5.37838 0.32
5.40541 0.32
5.43243 0.32
5.45946 0.32
5.48649 0.32
5.51351 0.32
5.54054 0.32
5.56757 0.32
5.59459 0.32
5.62162 0.32
5.64865 0.32
5.67568 0.32
5.7027 0.32
5.72973 0.32
5.75676 0.32
5.78378 0.32
5.81081 0.32
5.83784 0.32
5.86486 0.32
5.89189 0.32
5.91892 0.32
5.94595 0.32
5.97297 0.32
6 0.32
6.02703 0.32
6.05405 0.32
6.08108 0.32
6.10811 0.32
6.13514 0.32
6.16216 0.32
6.18919 0.32
6.21622 0.32
6.24324 0.32
6.27027 0.32
6.2973 0.32
6.32432 0.32
6.35135 0.32
6.37838 0.32
6.40541 0.32
6.43243 0.32
6.45946 0.32
6.48649 0.32
6.51351 0.32
6.54054 0.32
6.56757 0.32
6.59459 0.32
6.62162 0.32
6.64865 0.32
6.67568 0.32
6.7027 0.32
6.72973 0.32
6.75676 0.32
6.78378 0.32
6.81081 0.32
6.83784 0.32
6.86486 0.32
6.89189 0.32
6.91892 0.32
6.94595 0.32
6.97297 0.32
7 0.32
7.02703 0.32
7.05405 0.32
7.08108 0.32
7.10811 0.32
7.13514 0.32
7.16216 0.32
7.18919 0.32
7.21622 0.32
7.24324 0.32
7.27027 0.32
7.2973 0.32
7.32432 0.32
7.35135 0.32
7.37838 0.32
7.40541 0.32
7.43243 0.32
7.45946 0.32
7.48649 0.32
7.51351 0.32
7.54054 0.32
7.56757 0.32
7.59459 0.32
7.62162 0.32
7.64865 0.32
7.67568 0.32
7.7027 0.32
7.72973 0.32
7.75676 0.32
7.78378 0.32
7.81081 0.32
7.83784 0.32
7.86486 0.32
7.89189 0.32
7.91892 0.32
7.94595 0.32
7.97297 0.32
8 0.32
8.02703 0.32
8.05405 0.32
8.08108 0.32
8.10811 0.32
8.13514 0.32
8.16216 0.32
8.18919 0.32
8.21622 0.32
8.24324 0.32
8.27027 0.32
8.2973 0.32
8.32332 0.32
8.34935 0.32
8.37538 0.32
8.4014 0.32
8.42743 0.32
8.45345 0.32
8.47948 0.32
8.50551 0.32
8.53153 0.32
8.55756 0.32
8.58358 0.32
8.60961 0.32
8.63564 0.32
8.66166 0.32
8.68769 0.32
8.71371 0.32
8.73974 0.32
8.76577 0.32
8.79179 0.32
8.81782 0.32
8.84384 0.32
8.86987 0.32
8.8959 0.32
8.92192 0.32
8.94795 0.32
8.97397 0.32
9 0.32
9.02703 0.32
9.05405 0.32
9.08108 0.32
9.10811 0.32
9.13514 0.32
9.16216 0.32
9.18919 0.32
9.21622 0.32
9.24324 0.32
9.27027 0.32
9.2973 0.32
9.32432 0.32
9.35135 0.32
9.37838 0.32
9.40541 0.32
9.43243 0.32
9.45946 0.32
9.48649 0.32
9.51351 0.32
9.54054 0.32
9.56757 0.32
9.59459 0.32
9.62162 0.32
9.64865 0.32
9.67568 0.32
9.7027 0.32
9.72973 0.32
9.75676 0.32
9.78378 0.32
9.81081 0.32
9.83784 0.32
9.86486 0.32
9.89189 0.32
9.91892 0.32
9.94595 0.32
9.97297 0.32
10 0.32
10.027 0.32
10.0541 0.32
10.0811 0.32
10.1081 0.32
10.1351 0.32
10.1622 0.32
10.1892 0.32
10.2162 0.32
10.2432 0.32
10.2703 0.32
10.2973 0.32
10.3243 0.32
10.3514 0.32
10.3784 0.32
10.4054 0.32
10.4324 0.32
10.4595 0.32
10.4865 0.32
10.5135 0.32
10.5405 0.32
10.5676 0.32
10.5946 0.32
10.6216 0.32
10.6486 0.32
10.6757 0.320001
10.7027 0.320001
10.7297 0.320001
10.7568 0.320002
10.7838 0.320002
10.8108 0.320003
10.8378 0.320005
10.8649 0.320007
10.8919 0.320009
10.9189 0.320012
10.9459 0.320015
10.973 0.320018
11 0.320022
11.027 0.320026
11.0541 0.32003
11.0811 0.320034
11.1081 0.320039
11.1351 0.320044
11.1622 0.320049
11.1892 0.320055
11.2162 0.320062
11.2432 0.32007
11.2703 0.32008
11.2973 0.32009
11.3243 0.320103
11.3514 0.320118
11.3784 0.320134
11.4054 0.320152
11.4324 0.320172
11.4595 0.320193
11.4865 0.320215
11.5135 0.320238
11.5405 0.320261
11.5676 0.320284
11.5946 0.320307
11.6216 0.320329
11.6486 0.320352
11.6757 0.320375
11.7027 0.3204
11.7297 0.320428
11.7568 0.32046
11.7838 0.320498
11.8108 0.320546
11.8378 0.320607
11.8649 0.320688
11.8919 0.320795
11.9189 0.320944
11.9459 0.32116
11.973 0.321482
12 0.321964
12.027 0.322666
12.0541 0.323599
12.0811 0.324756
12.1081 0.326071
12.1351 0.327515
12.1622 0.329033
12.1892 0.330639
12.2162 0.332249
12.2432 0.333813
12.2703 0.335235
12.2973 0.336424
12.3243 0.33749
12.3514 0.338469
12.3784 0.339419
12.4054 0.340384
12.4324 0.341469
12.4595 0.342621
12.4865 0.34384
12.5135 0.345109
12.5405 0.346419
12.5676 0.347764
12.5946 0.349132
12.6216 0.350516
12.6486 0.351887
12.6757 0.35324
12.7027 0.354579
12.7297 0.355861
12.7568 0.357079
12.7838 0.358232
12.8108 0.359316
12.8378 0.360326
12.8649 0.36125
12.8919 0.362071
12.9189 0.362737
12.9459 0.363214
12.973 0.363456
13 0.363449
13.027 0.363188
13.0541 0.36269
13.0811 0.361971
13.1081 0.361014
13.1351 0.359838
13.1622 0.35846
13.1892 0.356947
13.2162 0.355348
13.2432 0.353694
13.2703 0.352009
13.2973 0.350358
13.3243 0.348736
13.3514 0.347156
13.3784 0.345627
13.4054 0.344142
13.4324 0.342685
13.4595 0.341256
13.4865 0.339855
13.5135 0.338495
13.5405 0.337188
13.5676 0.335928
13.5946 0.334718
13.6216 0.333559
13.6486 0.332449
13.6757 0.331378
13.7027 0.330334
13.7297 0.329315
13.7568 0.328318
13.7838 0.327336
13.8108 0.326374
13.8378 0.325464
13.8649 0.324591
13.8919 0.323754
13.9189 0.322949
13.9459 0.322169
13.973 0.321411
14 0.320668
14.027 0.319935
14.0541 0.319206
14.0811 0.31848
14.1081 0.317753
14.1351 0.317023
14.1622 0.316294
14.1892 0.315575
14.2162 0.314857
14.2432 0.314129
14.2703 0.313388
14.2973 0.312605
14.3243 0.311811
14.3514 0.311041
14.3784 0.310341
14.4054 0.309741
14.4324 0.309262
14.4595 0.308899
14.4865 0.308648
14.5135 0.308502
14.5405 0.308456
14.5676 0.308495
14.5946 0.308589
14.6216 0.308722
14.6486 0.308877
14.6757 0.309045
14.7027 0.309212
14.7297 0.309311
14.7568 0.309417
14.7838 0.309555
14.8108 0.309731
14.8378 0.309946
14.8649 0.310199
14.8919 0.310491
14.9189 0.310825
14.9459 0.311198
14.973 0.311613
15 0.312065
15.027 0.312544
15.0541 0.313039
15.0811 0.313539
15.1081 0.314038
15.1351 0.314531
15.1622 0.315012
15.1892 0.315478
15.2162 0.315933
15.2432 0.316374
15.2703 0.31682
15.2973 0.317265
15.3243 0.317692
15.3514 0.318107
15.3784 0.318539
15.4054 0.319031
15.4324 0.319587
15.4595 0.320215
15.4865 0.320892
15.5135 0.321588
15.5405 0.322292
15.5676 0.323028
15.5946 0.323737
15.6216 0.324379
15.6486 0.324925
15.6757 0.325359
15.7027 0.325686
15.7297 0.325909
15.7568 0.326041
15.7838 0.32609
15.8108 0.326056
15.8378 0.325949
15.8649 0.325786
15.8919 0.325583
15.9189 0.325345
15.9459 0.325079
15.973 0.324791
16 0.324484
16.027 0.324167
16.0541 0.323848
16.0811 0.323533
16.1081 0.323226
16.1351 0.322931
16.1622 0.32265
16.1892 0.322381
16.2162 0.322123
16.2432 0.321866
16.2703 0.321623
16.2973 0.321392
16.3243 0.321176
16.3514 0.320978
16.3784 0.320798
16.4054 0.320634
16.4324 0.320484
16.4595 0.320349
16.4865 0.320225
16.5135 0.32011
16.5405 0.320002
16.5676 0.319901
16.5946 0.319807
16.6216 0.319719
16.6486 0.319636
16.6757 0.319559
16.7027 0.319486
16.7297 0.319418
16.7568 0.319356
16.7838 0.3193
16.8108 0.319252
16.8378 0.319213
16.8649 0.319183
16.8919 0.319163
16.9189 0.319155
16.9459 0.319161
16.973 0.319178
17 0.319207
17.0278 0.31925
17.0556 0.319308
17.0833 0.31938
17.1111 0.319464
17.1389 0.319558
17.1667 0.319655
17.1944 0.319753
17.2222 0.319846
17.25 0.319934
17.2778 0.320015
17.3056 0.32009
17.3333 0.32016
17.3611 0.320223
17.3889 0.320276
17.4167 0.320317
17.4444 0.320344
17.4722 0.320358
17.4986 0.320361
17.525 0.320354
17.5514 0.320339
17.5778 0.320313
17.6042 0.32028
17.6306 0.320239
17.6569 0.320192
17.6833 0.320141
17.7097 0.320088
17.7361 0.320041
17.7625 0.320004
17.7889 0.319975
17.8153 0.319952
17.8417 0.319934
17.8681 0.319923
17.8944 0.319918
17.9208 0.319921
17.9472 0.31993
17.9736 0.31994
18 0.319956
18.027 0.319976
18.0541 0.319999
18.0811 0.320024
18.1081 0.320048
18.1351 0.32007
18.1622 0.320088
18.1892 0.320102
18.2162 0.32011
18.2432 0.320111
18.2703 0.320108
18.2973 0.320103
18.3243 0.320094
18.3514 0.320083
18.3784 0.320068
18.4054 0.320053
18.4324 0.320035
18.4595 0.320016
18.4865 0.319994
18.5135 0.319968
18.5405 0.319937
18.5676 0.3199
18.5946 0.319858
18.6216 0.319815
18.6486 0.319772
18.6757 0.31973
18.7027 0.319691
18.7297 0.319661
18.7568 0.319637
18.7838 0.319618
18.8108 0.319602
18.8378 0.319589
18.8649 0.31958
18.8919 0.319574
18.9189 0.31957
18.9459 0.319569
18.973 0.319569
19 0.319573
19.027 0.319578
19.0541 0.319583
19.0811 0.319588
19.1081 0.319592
19.1351 0.319594
19.1622 0.319595
19.1892 0.319594
19.2162 0.319591
19.2432 0.319586
19.2703 0.31958
19.2973 0.319571
19.3243 0.319561
19.3514 0.319549
19.3784 0.319537
19.4054 0.319523
19.4324 0.31951
19.4595 0.319497
19.4865 0.319485
19.5135 0.319474
19.5405 0.319464
19.5676 0.319454
19.5946 0.319444
19.6216 0.319436
19.6486 0.319429
19.6757 0.319422
19.7027 0.319416
19.7297 0.319413
19.7568 0.319413
19.7838 0.319417
19.8108 0.319424
19.8378 0.319434
19.8649 0.319446
19.8919 0.319461
19.9189 0.319478
19.9459 0.319498
19.973 0.319522
20 0.319551
