0 0.32
0.030303 0.32
0.0606061 0.32
0.0909091 0.32
0.121212 0.32
0.151515 0.32
0.181818 0.32
0.212121 0.32
0.242424 0.32
0.272727 0.32
0.30303 0.32
0.333333 0.32
0.363636 0.32
0.393939 0.32
0.424242 0.32
0.454545 0.32
0.484848 0.32
0.515152 0.32
0.545455 0.32
0.575758 0.32
0.606061 0.32
0.636364 0.32
0.666667 0.32
0.69697 0.32
0.727273 0.32
0.757576 0.32
0.787879 0.32
0.818182 0.32
0.848485 0.32
0.873737 0.32
0.89899 0.32
0.924242 0.32
0.949495 0.32
0.974747 0.32
1 0.32
1.02941 0.32
1.05882 0.32
1.08824 0.32
1.11765 0.32
1.14706 0.32
1.17647 0.32
1.20588 0.32
1.23529 0.32
1.26471 0.32
1.29412 0.32
1.32353 0.32
1.35294 0.32
1.38235 0.32
1.41176 0.32
1.44118 0.32
1.47059 0.32
1.5 0.32
1.52941 0.32
1.55882 0.32
1.58824 0.32
1.61765 0.32
1.64496 0.32
1.67227 0.32
1.69958 0.32
1.72689 0.32
1.7542 0.32
1.78151 0.32
1.80882 0.32
1.83613 0.32
1.86345 0.32
1.89076 0.32
1.91807 0.32
1.94538 0.32
1.97269 0.32
2 0.32
2.02778 0.32
2.05556 0.32
2.08333 0.32
2.11111 0.32
2.13805 0.32
2.16498 0.32
2.19192 0.32
2.21886 0.32
2.24579 0.32
2.27273 0.32
2.29966 0.32
2.3266 0.32
2.35354 0.32
2.38047 0.32
2.40741 0.32
2.43434 0.32
2.46128 0.32
2.48822 0.32
2.51515 0.32
2.54209 0.32
2.56902 0.32
2.59596 0.32
2.6229 0.32
2.64983 0.32
2.67677 0.32
2.7037 0.32
2.73064 0.32
2.75758 0.32
2.78451 0.32
2.81145 0.32
2.83838 0.32
2.86532 0.32
2.89226 0.32
2.91919 0.32
2.94613 0.32
2.97306 0.32
3 0.32
3.02703 0.32
3.05405 0.32
3.08108 0.32
3.10811 0.32
3.13514 0.32
3.16216 0.32
3.18919 0.32
3.21622 0.32
3.24324 0.32
3.27027 0.32
3.2973 0.32
3.32432 0.32
3.35135 0.32
3.37838 0.32
3.40541 0.32
3.43243 0.32
3.45946 0.32
3.48649 0.32
3.51351 0.32
3.54054 0.32
3.56757 0.32
3.59459 0.32
3.62162 0.32
3.64865 0.320001
3.67568 0.320001
3.7027 0.320001
3.72973 0.320002
3.75676 0.320004
3.78378 0.320006
3.81081 0.32001
3.83784 0.320017
3.86486 0.320025
3.89189 0.320035
3.91892 0.320045
3.94595 0.320055
3.97297 0.320065
4 0.320076
4.02703 0.320086
4.05405 0.320097
4.08108 0.320108
4.10811 0.32012
4.13514 0.320132
4.16216 0.320145
4.18919 0.320159
4.21622 0.320173
4.24324 0.320189
4.27027 0.320206
4.2973 0.320224
4.32432 0.320243
4.35135 0.320264
4.37838 0.320287
4.40541 0.320312
4.43243 0.32034
4.45946 0.320369
4.48649 0.320401
4.51351 0.320436
4.54054 0.320474
4.56757 0.320515
4.59459 0.32056
4.62162 0.320608
4.64865 0.320661
4.67568 0.320719
4.7027 0.320781
4.72973 0.320849
4.75676 0.320923
4.78378 0.321004
4.81081 0.321092
4.83784 0.321188
4.86486 0.321292
4.89189 0.321405
4.91892 0.321528
4.94595 0.321662
4.97297 0.321808
5 0.321969
5.02703 0.322144
5.05405 0.322338
5.08108 0.322553
5.10811 0.32279
5.13514 0.323054
5.16216 0.323347
5.18919 0.323674
5.21622 0.32404
5.24324 0.324453
5.27027 0.324924
5.2973 0.325467
5.32432 0.326099
5.35135 0.326841
5.37838 0.327711
5.40541 0.328724
5.43243 0.329888
5.45946 0.331201
5.48649 0.332645
5.51351 0.334189
5.54054 0.335789
5.56757 0.337392
5.59459 0.338944
5.62162 0.34039
5.64865 0.341688
5.67568 0.34281
5.7027 0.343729
5.72973 0.344441
5.75676 0.344985
5.78378 0.34539
5.81081 0.345692
5.83784 0.34592
5.86486 0.346098
5.89189 0.346236
5.91892 0.346338
5.94595 0.346407
5.97297 0.346445
6 0.346461
6.02703 0.346465
6.05405 0.346463
6.08108 0.346452
6.10811 0.346418
6.13514 0.346334
6.16216 0.346153
6.18919 0.345786
6.21622 0.345229
6.24324 0.344584
6.27027 0.343928
6.2973 0.343291
6.32432 0.342676
6.35135 0.342081
6.37838 0.341499
6.40541 0.340925
6.43243 0.340356
6.45946 0.339789
6.48649 0.339225
6.51351 0.338663
6.54054 0.338103
6.56757 0.337547
6.59459 0.336993
6.62162 0.336444
6.64865 0.335899
6.67568 0.335359
6.7027 0.334824
6.72973 0.334296
6.75676 0.333775
6.78378 0.333261
6.81081 0.332756
6.83784 0.332259
6.86486 0.331771
6.89189 0.331293
6.91892 0.330824
6.94595 0.330365
6.97297 0.329917
7 0.32948
7.02703 0.329054
7.05405 0.328639
7.08108 0.328236
7.10811 0.327844
7.13514 0.327464
7.16216 0.327096
7.18919 0.32674
7.21622 0.326396
7.24324 0.326064
7.27027 0.325744
7.2973 0.325435
7.32432 0.325139
7.35135 0.324855
7.37838 0.324583
7.40541 0.324322
7.43243 0.324073
7.45946 0.323835
7.48649 0.323608
7.51351 0.323392
7.54054 0.323187
7.56757 0.322992
7.59459 0.322808
7.62162 0.322633
7.64865 0.322468
7.67568 0.322313
7.7027 0.322167
7.72973 0.32203
7.75676 0.321901
7.78378 0.321781
7.81081 0.321668
7.83784 0.321562
7.86486 0.321463
7.89189 0.32137
7.91892 0.321283
7.94595 0.321201
7.97297 0.321124
8 0.321053
8.02703 0.320987
8.05405 0.320928
8.08108 0.320874
8.10811 0.320829
8.13514 0.320791
8.16216 0.320761
8.18919 0.320741
8.21622 0.320729
8.24324 0.320727
8.27027 0.320731
8.2973 0.320743
8.32332 0.320762
8.34935 0.320788
8.37538 0.320819
8.4014 0.320856
8.42743 0.320899
8.45345 0.320948
8.47948 0.321001
8.50551 0.32106
8.53153 0.321123
8.55756 0.32119
8.58358 0.321259
8.60961 0.321331
8.63564 0.321404
8.66166 0.321478
8.68769 0.321553
8.71371 0.321628
8.73974 0.321704
8.76577 0.32178
8.79179 0.321856
8.81782 0.321932
8.84384 0.322008
8.86987 0.322085
8.8959 0.322162
8.92192 0.322239
8.94795 0.322315
8.97397 0.322392
9 0.322468
9.02703 0.322547
9.05405 0.322624
9.08108 0.322701
9.10811 0.322775
9.13514 0.322848
9.16216 0.322919
9.18919 0.322987
9.21622 0.323053
9.24324 0.323117
9.27027 0.32318
9.2973 0.323242
9.32432 0.323303
9.35135 0.323365
9.37838 0.323427
9.40541 0.32349
9.43243 0.323553
9.45946 0.323615
9.48649 0.323676
9.51351 0.323736
9.54054 0.323792
9.56757 0.323845
9.59459 0.323893
9.62162 0.323937
9.64865 0.323978
9.67568 0.324016
9.7027 0.324052
9.72973 0.324089
9.75676 0.324129
9.78378 0.324172
9.81081 0.32422
9.83784 0.324275
9.86486 0.324337
9.89189 0.324405
9.91892 0.324479
9.94595 0.324556
9.97297 0.324636
10 0.324717
10.027 0.324798
10.0541 0.324877
10.0811 0.324955
10.1081 0.325031
10.1351 0.325106
10.1622 0.325181
10.1892 0.325256
10.2162 0.325333
10.2432 0.325411
10.2703 0.32549
10.2973 0.325571
10.3243 0.325653
10.3514 0.325734
10.3784 0.325814
10.4054 0.325894
10.4324 0.325973
10.4595 0.326053
10.4865 0.326137
10.5135 0.326227
10.5405 0.326324
10.5676 0.326429
10.5946 0.326543
10.6216 0.326664
10.6486 0.326789
10.6757 0.326916
10.7027 0.327041
10.7297 0.327161
10.7568 0.327271
10.7838 0.327368
10.8108 0.327445
10.8378 0.327499
10.8649 0.32753
10.8919 0.327535
10.9189 0.327522
10.9459 0.327492
10.973 0.327425
11 0.32734
11.027 0.327255
11.0541 0.327159
11.0811 0.327054
11.1081 0.326936
11.1351 0.326796
11.1622 0.326643
11.1892 0.326485
11.2162 0.326321
11.2432 0.326153
11.2703 0.32598
11.2973 0.325801
11.3243 0.325612
11.3514 0.325411
11.3784 0.325197
11.4054 0.324965
11.4324 0.324716
11.4595 0.324446
11.4865 0.324156
11.5135 0.323844
11.5405 0.32351
11.5676 0.323156
11.5946 0.322782
11.6216 0.32239
11.6486 0.321981
11.6757 0.321559
11.7027 0.321125
11.7297 0.320682
11.7568 0.320233
11.7838 0.319782
11.8108 0.31933
11.8378 0.31888
11.8649 0.318435
11.8919 0.317998
11.9189 0.31757
11.9459 0.317152
11.973 0.316747
12 0.316356
12.027 0.315978
12.0541 0.315614
12.0811 0.315264
12.1081 0.314927
12.1351 0.314602
12.1622 0.31429
12.1892 0.313991
12.2162 0.313706
12.2432 0.313438
12.2703 0.313191
12.2973 0.312968
12.3243 0.312773
12.3514 0.312611
12.3784 0.312483
12.4054 0.312393
12.4324 0.312333
12.4595 0.312298
12.4865 0.312281
12.5135 0.312279
12.5405 0.312286
12.5676 0.312304
12.5946 0.31233
12.6216 0.312362
12.6486 0.312402
12.6757 0.312448
12.7027 0.312491
12.7297 0.312537
12.7568 0.312591
12.7838 0.312654
12.8108 0.312736
12.8378 0.312844
12.8649 0.312969
12.8919 0.313099
12.9189 0.313234
12.9459 0.313371
12.973 0.313512
13 0.31366
13.027 0.313814
13.0541 0.313975
13.0811 0.314143
13.1081 0.314318
13.1351 0.314498
13.1622 0.314683
13.1892 0.31487
13.2162 0.315059
13.2432 0.315247
13.2703 0.315431
13.2973 0.31561
13.3243 0.315784
13.3514 0.31595
13.3784 0.316108
13.4054 0.316258
13.4324 0.316399
13.4595 0.316531
13.4865 0.316654
13.5135 0.316769
13.5405 0.316876
13.5676 0.316975
13.5946 0.317068
13.6216 0.317156
13.6486 0.317238
13.6757 0.317315
13.7027 0.317387
13.7297 0.317455
13.7568 0.317519
13.7838 0.317579
13.8108 0.317636
13.8378 0.31769
13.8649 0.31774
13.8919 0.317788
13.9189 0.317833
13.9459 0.317875
13.973 0.317915
14 0.317954
14.027 0.317991
14.0541 0.318028
14.0811 0.318064
14.1081 0.3181
14.1351 0.318137
14.1622 0.318174
14.1892 0.318211
14.2162 0.318249
14.2432 0.318286
14.2703 0.318323
14.2973 0.318359
14.3243 0.318394
14.3514 0.318427
14.3784 0.318458
14.4054 0.318486
14.4324 0.318511
14.4595 0.318533
14.4865 0.318552
14.5135 0.318567
14.5405 0.31858
14.5676 0.318589
14.5946 0.318596
14.6216 0.318602
14.6486 0.318604
14.6757 0.318605
14.7027 0.318604
14.7297 0.318604
14.7568 0.318603
14.7838 0.3186
14.8108 0.318596
14.8378 0.318585
14.8649 0.31857
14.8919 0.318549
14.9189 0.318527
14.9459 0.318504
14.973 0.318482
15 0.318458
15.027 0.318435
15.0541 0.318411
15.0811 0.318388
15.1081 0.318365
15.1351 0.318342
15.1622 0.318321
15.1892 0.3183
15.2162 0.318281
15.2432 0.318263
15.2703 0.318247
15.2973 0.318233
15.3243 0.31822
15.3514 0.318209
15.3784 0.3182
15.4054 0.318192
15.4324 0.318185
15.4595 0.318179
15.4865 0.318174
15.5135 0.31817
15.5405 0.318166
15.5676 0.318162
15.5946 0.318159
15.6216 0.318156
15.6486 0.318154
15.6757 0.318154
15.7027 0.318156
15.7297 0.31816
15.7568 0.318165
15.7838 0.318173
15.8108 0.318184
15.8378 0.318199
15.8649 0.318216
15.8919 0.318237
15.9189 0.318261
15.9459 0.318289
15.973 0.318319
16 0.318353
16.027 0.318391
16.0541 0.318431
16.0811 0.318476
16.1081 0.318523
16.1351 0.318573
16.1622 0.318626
16.1892 0.318681
16.2162 0.318738
16.2432 0.318797
16.2703 0.318857
16.2973 0.318918
16.3243 0.31898
16.3514 0.319042
16.3784 0.319105
16.4054 0.319168
16.4324 0.319232
16.4595 0.319296
16.4865 0.319359
16.5135 0.319423
16.5405 0.319486
16.5676 0.319549
16.5946 0.319612
16.6216 0.319674
16.6486 0.319736
16.6757 0.319797
16.7027 0.319857
16.7297 0.319917
16.7568 0.319974
16.7838 0.320031
16.8108 0.320085
16.8378 0.320138
16.8649 0.320189
16.8919 0.320237
16.9189 0.320284
16.9459 0.320329
16.973 0.320372
17 0.320413
17.0278 0.320454
17.0556 0.320494
17.0833 0.320533
17.1111 0.320572
17.1389 0.32061
17.1667 0.320648
17.1944 0.320687
17.2222 0.320726
17.25 0.320765
17.2778 0.320804
17.3056 0.320843
17.3333 0.320882
17.3611 0.320922
17.3889 0.32096
17.4167 0.320999
17.4444 0.321036
17.4722 0.321074
17.4986 0.321109
17.525 0.321145
17.5514 0.32118
17.5778 0.321217
17.6042 0.321254
17.6306 0.321292
17.6569 0.321333
17.6833 0.321376
17.7097 0.321421
17.7361 0.32147
17.7625 0.321522
17.7889 0.321577
17.8153 0.321636
17.8417 0.321698
17.8681 0.321764
17.8944 0.321832
17.9208 0.321903
17.9472 0.321976
17.9736 0.32205
18 0.322125
18.027 0.322202
18.0541 0.322278
18.0811 0.322352
18.1081 0.322423
18.1351 0.322491
18.1622 0.322554
18.1892 0.322612
18.2162 0.322664
18.2432 0.32271
18.2703 0.32275
18.2973 0.322783
18.3243 0.322809
18.3514 0.322828
18.3784 0.322842
18.4054 0.322849
18.4324 0.322852
18.4595 0.322851
18.4865 0.322847
18.5135 0.322838
18.5405 0.322827
18.5676 0.322815
18.5946 0.322803
18.6216 0.322787
18.6486 0.322766
18.6757 0.322739
18.7027 0.322702
18.7297 0.322651
18.7568 0.32259
18.7838 0.322523
18.8108 0.322453
18.8378 0.32238
18.8649 0.322303
18.8919 0.322222
18.9189 0.322137
18.9459 0.322047
18.973 0.321953
19 0.321855
19.027 0.321752
19.0541 0.321645
19.0811 0.321535
19.1081 0.32142
19.1351 0.321303
19.1622 0.321183
19.1892 0.32106
19.2162 0.320935
19.2432 0.320809
19.2703 0.320682
19.2973 0.320553
19.3243 0.320424
19.3514 0.320294
19.3784 0.320164
19.4054 0.320034
19.4324 0.319904
19.4595 0.319775
19.4865 0.319647
19.5135 0.31952
19.5405 0.319394
19.5676 0.319269
19.5946 0.319147
19.6216 0.319026
19.6486 0.318909
19.6757 0.318794
19.7027 0.318683
19.7297 0.318576
19.7568 0.318474
19.7838 0.318377
19.8108 0.318284
19.8378 0.318197
19.8649 0.318116
19.8919 0.318041
19.9189 0.317971
19.9459 0.317908
19.973 0.317851
20 0.317799
