0 0.32
0.030303 0.32
0.0606061 0.32
0.0909091 0.32
0.121212 0.32
0.151515 0.32
0.181818 0.32
0.212121 0.32
0.242424 0.32
0.272727 0.32
0.30303 0.32
0.333333 0.32
0.363636 0.32
0.393939 0.32
0.424242 0.32
0.454545 0.32
0.484848 0.32
0.515152 0.32
0.545455 0.32
0.575758 0.32
0.606061 0.32
0.636364 0.32
0.666667 0.32
0.69697 0.32
0.727273 0.32
0.757576 0.32
0.787879 0.32
0.818182 0.32
0.848485 0.32
0.873737 0.32
0.89899 0.32
0.924242 0.32
0.949495 0.32
0.974747 0.32
1 0.32
1.02941 0.32
1.05882 0.32
1.08824 0.32
1.11765 0.32
1.14706 0.32
1.17647 0.32
1.20588 0.32
1.23529 0.32
1.26471 0.32
1.29412 0.32
1.32353 0.32
1.35294 0.32
1.38235 0.32
1.41176 0.32
1.44118 0.32
1.47059 0.32
1.5 0.32
1.52941 0.32
1.55882 0.32
1.58824 0.32
1.61765 0.32
1.64496 0.32
1.67227 0.32
1.69958 0.32
1.72689 0.32
1.7542 0.32
1.78151 0.32
1.80882 0.32
1.83613 0.32
1.86345 0.32
1.89076 0.32
1.91807 0.32
1.94538 0.32
1.97269 0.32
2 0.32
2.02778 0.32
2.05556 0.32
2.08333 0.32
2.11111 0.32
2.13805 0.32
2.16498 0.32
2.19192 0.32
2.21886 0.32
2.24579 0.32
2.27273 0.32
2.29966 0.32
2.3266 0.32
2.35354 0.32
2.38047 0.32
2.40741 0.32
2.43434 0.32
2.46128 0.32
2.48822 0.32
2.51515 0.32
2.54209 0.32
2.56902 0.32
2.59596 0.32
2.6229 0.32
2.64983 0.32
2.67677 0.32
2.7037 0.32
2.73064 0.32
2.75758 0.32
2.78451 0.32
2.81145 0.32
2.83838 0.32
2.86532 0.32
2.89226 0.32
2.91919 0.32
2.94613 0.32
2.97306 0.32
3 0.32
3.02703 0.32
3.05405 0.32
3.08108 0.32
3.10811 0.32
3.13514 0.32
3.16216 0.32
3.18919 0.32
3.21622 0.32
3.24324 0.32
3.27027 0.32
3.2973 0.32
3.32432 0.32
3.35135 0.32
3.37838 0.32
3.40541 0.32
3.43243 0.32
3.45946 0.32
3.48649 0.32
3.51351 0.32
3.54054 0.32
3.56757 0.32
3.59459 0.32
3.62162 0.32
3.64865 0.32
3.67568 0.32
3.7027 0.32
3.72973 0.32
3.75676 0.32
3.78378 0.32
3.81081 0.32
3.83784 0.32
3.86486 0.32
3.89189 0.32
3.91892 0.32
3.94595 0.32
3.97297 0.32
4 0.32
4.02703 0.32
4.05405 0.32
4.08108 0.32
4.10811 0.32
4.13514 0.32
4.16216 0.32
4.18919 0.32
4.21622 0.32
4.24324 0.32
4.27027 0.32
4.2973 0.32
4.32432 0.32
4.35135 0.32
4.37838 0.32
4.40541 0.32
4.43243 0.32
4.45946 0.32
4.48649 0.32
4.51351 0.32
4.54054 0.32
4.56757 0.32
4.59459 0.32
4.62162 0.32
4.64865 0.32
4.67568 0.32
4.7027 0.32
4.72973 0.32
4.75676 0.32
4.78378 0.32
4.81081 0.32
4.83784 0.32
4.86486 0.32
4.89189 0.32
4.91892 0.32
4.94595 0.32
4.97297 0.32
5 0.32
5.02703 0.32
5.05405 0.320001
5.08108 0.320001
5.10811 0.320002
5.13514 0.320003
5.16216 0.320004
5.18919 0.320007
5.21622 0.320011
5.24324 0.320018
5.27027 0.320026
5.2973 0.320035
5.32432 0.320045
5.35135 0.320055
5.37838 0.320066
5.40541 0.320076
5.43243 0.320087
5.45946 0.320098
5.48649 0.320109
5.51351 0.320121
5.54054 0.320134
5.56757 0.320148
5.59459 0.320162
5.62162 0.320177
5.64865 0.320194
5.67568 0.320211
5.7027 0.32023
5.72973 0.320251
5.75676 0.320273
5.78378 0.320298
5.81081 0.320324
5.83784 0.320353
5.86486 0.320384
5.89189 0.320418
5.91892 0.320455
5.94595 0.320495
5.97297 0.320539
6 0.320587
6.02703 0.320639
6.05405 0.320696
6.08108 0.320757
6.10811 0.320824
6.13514 0.320898
6.16216 0.320978
6.18919 0.321067
6.21622 0.321164
6.24324 0.321271
6.27027 0.321386
6.2973 0.321509
6.32432 0.321639
6.35135 0.321772
6.37838 0.321908
6.40541 0.322047
6.43243 0.322193
6.45946 0.32235
6.48649 0.322526
6.51351 0.322734
6.54054 0.322985
6.56757 0.323297
6.59459 0.323699
6.62162 0.324236
6.64865 0.325012
6.67568 0.326095
6.7027 0.327512
6.72973 0.329162
6.75676 0.330994
6.78378 0.33295
6.81081 0.334962
6.83784 0.336953
6.86486 0.338845
6.89189 0.340568
6.91892 0.342074
6.94595 0.343342
6.97297 0.344357
7 0.345174
7.02703 0.345851
7.05405 0.346428
7.08108 0.346867
7.10811 0.347138
7.13514 0.347417
7.16216 0.34768
7.18919 0.347943
7.21622 0.348193
7.24324 0.34842
7.27027 0.348625
7.2973 0.3488
7.32432 0.348931
7.35135 0.349017
7.37838 0.349024
7.40541 0.348961
7.43243 0.348805
7.45946 0.348544
7.48649 0.348202
7.51351 0.347804
7.54054 0.347379
7.56757 0.34695
7.59459 0.346521
7.62162 0.346094
7.64865 0.345667
7.67568 0.345243
7.7027 0.344821
7.72973 0.344402
7.75676 0.343987
7.78378 0.343575
7.81081 0.343167
7.83784 0.34276
7.86486 0.342351
7.89189 0.341941
7.91892 0.341528
7.94595 0.341114
7.97297 0.3407
8 0.340287
8.02703 0.339878
8.05405 0.339475
8.08108 0.339083
8.10811 0.338701
8.13514 0.33833
8.16216 0.33797
8.18919 0.337617
8.21622 0.337269
8.24324 0.336921
8.27027 0.33657
8.2973 0.336213
8.32332 0.335864
8.34935 0.33551
8.37538 0.335155
8.4014 0.334805
8.42743 0.334466
8.45345 0.334144
8.47948 0.333846
8.50551 0.333592
8.53153 0.333371
8.55756 0.333158
8.58358 0.33296
8.60961 0.332795
8.63564 0.332659
8.66166 0.332538
8.68769 0.332422
8.71371 0.3323
8.73974 0.332169
8.76577 0.332024
8.79179 0.331866
8.81782 0.331703
8.84384 0.331541
8.86987 0.331392
8.8959 0.331258
8.92192 0.331146
8.94795 0.331058
8.97397 0.330993
9 0.330947
9.02703 0.330911
9.05405 0.330878
9.08108 0.330839
9.10811 0.330789
9.13514 0.330728
9.16216 0.330657
9.18919 0.330583
9.21622 0.330517
9.24324 0.330467
9.27027 0.330442
9.2973 0.330449
9.32432 0.330492
9.35135 0.330568
9.37838 0.330668
9.40541 0.33078
9.43243 0.330895
9.45946 0.331006
9.48649 0.331096
9.51351 0.331137
9.54054 0.331106
9.56757 0.331009
9.59459 0.330867
9.62162 0.330717
9.64865 0.330559
9.67568 0.330382
9.7027 0.33018
9.72973 0.329938
9.75676 0.329651
9.78378 0.329327
9.81081 0.328984
9.83784 0.328641
9.86486 0.328312
9.89189 0.327998
9.91892 0.327689
9.94595 0.327381
9.97297 0.327069
10 0.326748
10.027 0.326411
10.0541 0.326071
10.0811 0.325724
10.1081 0.325367
10.1351 0.324979
10.1622 0.324491
10.1892 0.32393
10.2162 0.323339
10.2432 0.322727
10.2703 0.322094
10.2973 0.321442
10.3243 0.320768
10.3514 0.320074
10.3784 0.319364
10.4054 0.318646
10.4324 0.317928
10.4595 0.31722
10.4865 0.31653
10.5135 0.315863
10.5405 0.315224
10.5676 0.314615
10.5946 0.314037
10.6216 0.313491
10.6486 0.312975
10.6757 0.312488
10.7027 0.312026
10.7297 0.311587
10.7568 0.311173
10.7838 0.310788
10.8108 0.310432
10.8378 0.310106
10.8649 0.309813
10.8919 0.309555
10.9189 0.309333
10.9459 0.309149
10.973 0.309001
11 0.308891
11.027 0.30882
11.0541 0.308789
11.0811 0.308799
11.1081 0.308852
11.1351 0.308934
11.1622 0.309032
11.1892 0.309137
11.2162 0.309244
11.2432 0.30937
11.2703 0.309521
11.2973 0.309677
11.3243 0.309846
11.3514 0.310016
11.3784 0.310181
11.4054 0.310338
11.4324 0.310489
11.4595 0.310639
11.4865 0.310788
11.5135 0.310944
11.5405 0.311116
11.5676 0.311344
11.5946 0.311593
11.6216 0.311848
11.6486 0.312106
11.6757 0.312371
11.7027 0.312639
11.7297 0.312911
11.7568 0.313187
11.7838 0.313463
11.8108 0.313736
11.8378 0.314003
11.8649 0.314262
11.8919 0.314509
11.9189 0.314741
11.9459 0.314959
11.973 0.315159
12 0.31534
12.027 0.315508
12.0541 0.315664
12.0811 0.315808
12.1081 0.315939
12.1351 0.316062
12.1622 0.316176
12.1892 0.31628
12.2162 0.316375
12.2432 0.316464
12.2703 0.316546
12.2973 0.316625
12.3243 0.3167
12.3514 0.316771
12.3784 0.316839
12.4054 0.316903
12.4324 0.316965
12.4595 0.317025
12.4865 0.317085
12.5135 0.317146
12.5405 0.317208
12.5676 0.317271
12.5946 0.317335
12.6216 0.317401
12.6486 0.317467
12.6757 0.317535
12.7027 0.317604
12.7297 0.317672
12.7568 0.317741
12.7838 0.317809
12.8108 0.317876
12.8378 0.317943
12.8649 0.31801
12.8919 0.318077
12.9189 0.31814
12.9459 0.3182
12.973 0.318255
13 0.318305
13.027 0.31835
13.0541 0.318387
13.0811 0.318414
13.1081 0.318432
13.1351 0.318441
13.1622 0.318443
13.1892 0.318443
13.2162 0.318439
13.2432 0.318432
13.2703 0.318423
13.2973 0.318411
13.3243 0.318394
13.3514 0.318373
13.3784 0.318344
13.4054 0.318304
13.4324 0.318258
13.4595 0.318207
13.4865 0.318152
13.5135 0.318098
13.5405 0.318045
13.5676 0.317995
13.5946 0.317948
13.6216 0.317904
13.6486 0.317864
13.6757 0.317828
13.7027 0.317796
13.7297 0.317767
13.7568 0.317742
13.7838 0.317721
13.8108 0.317703
13.8378 0.317689
13.8649 0.317679
13.8919 0.317672
13.9189 0.317668
13.9459 0.317667
13.973 0.317669
14 0.317674
14.027 0.31768
14.0541 0.317689
14.0811 0.317699
14.1081 0.31771
14.1351 0.317723
14.1622 0.317738
14.1892 0.317755
14.2162 0.317772
14.2432 0.317789
14.2703 0.317808
14.2973 0.317826
14.3243 0.317843
14.3514 0.317857
14.3784 0.31787
14.4054 0.317879
14.4324 0.317887
14.4595 0.317892
14.4865 0.317895
14.5135 0.317897
14.5405 0.317898
14.5676 0.317899
14.5946 0.317901
14.6216 0.317903
14.6486 0.317907
14.6757 0.317912
14.7027 0.317918
14.7297 0.317926
14.7568 0.317936
14.7838 0.317947
14.8108 0.317961
14.8378 0.317975
14.8649 0.317991
14.8919 0.318008
14.9189 0.318026
14.9459 0.318045
14.973 0.318065
15 0.318085
15.027 0.318106
15.0541 0.318127
15.0811 0.318149
15.1081 0.31817
15.1351 0.318192
15.1622 0.318213
15.1892 0.318234
15.2162 0.318255
15.2432 0.318275
15.2703 0.318295
15.2973 0.318314
15.3243 0.318333
15.3514 0.318352
15.3784 0.31837
15.4054 0.318388
15.4324 0.318406
15.4595 0.318424
15.4865 0.318441
15.5135 0.318458
15.5405 0.318475
15.5676 0.318491
15.5946 0.318506
15.6216 0.31852
15.6486 0.318532
15.6757 0.318544
15.7027 0.318556
15.7297 0.318566
15.7568 0.318577
15.7838 0.318587
15.8108 0.318597
15.8378 0.318608
15.8649 0.318618
15.8919 0.318628
15.9189 0.318639
15.9459 0.31865
15.973 0.318661
16 0.318673
16.027 0.318685
16.0541 0.318697
16.0811 0.31871
16.1081 0.318724
16.1351 0.318739
16.1622 0.318754
16.1892 0.318769
16.2162 0.318785
16.2432 0.318801
16.2703 0.318816
16.2973 0.318831
16.3243 0.318845
16.3514 0.318858
16.3784 0.31887
16.4054 0.318882
16.4324 0.318892
16.4595 0.318901
16.4865 0.318909
16.5135 0.318916
16.5405 0.318923
16.5676 0.318929
16.5946 0.318933
16.6216 0.318938
16.6486 0.318941
16.6757 0.318943
16.7027 0.318945
16.7297 0.318946
16.7568 0.318946
16.7838 0.318945
16.8108 0.318944
16.8378 0.318941
16.8649 0.318939
16.8919 0.318935
16.9189 0.318933
16.9459 0.31893
16.973 0.318929
17 0.318928
17.0278 0.318928
17.0556 0.318929
17.0833 0.31893
17.1111 0.318933
17.1389 0.318936
17.1667 0.318941
17.1944 0.318948
17.2222 0.318956
17.25 0.318967
17.2778 0.31898
17.3056 0.318996
17.3333 0.319014
17.3611 0.319036
17.3889 0.31906
17.4167 0.319087
17.4444 0.319117
17.4722 0.31915
17.4986 0.319183
17.525 0.319218
17.5514 0.319255
17.5778 0.319294
17.6042 0.319334
17.6306 0.319375
17.6569 0.319418
17.6833 0.319461
17.7097 0.319506
17.7361 0.319551
17.7625 0.319596
17.7889 0.319643
17.8153 0.319689
17.8417 0.319736
17.8681 0.319784
17.8944 0.319831
17.9208 0.319879
17.9472 0.319927
17.9736 0.319976
18 0.320024
18.027 0.320073
18.0541 0.320123
18.0811 0.320172
18.1081 0.320221
18.1351 0.320269
18.1622 0.320317
18.1892 0.320366
18.2162 0.320414
18.2432 0.320463
18.2703 0.320512
18.2973 0.320561
18.3243 0.320612
18.3514 0.320663
18.3784 0.320716
18.4054 0.320771
18.4324 0.320828
18.4595 0.320887
18.4865 0.320948
18.5135 0.32101
18.5405 0.321074
18.5676 0.321138
18.5946 0.321205
18.6216 0.321273
18.6486 0.321343
18.6757 0.321413
18.7027 0.321485
18.7297 0.321557
18.7568 0.321631
18.7838 0.321707
18.8108 0.321784
18.8378 0.321864
18.8649 0.321945
18.8919 0.322029
18.9189 0.322116
18.9459 0.322207
18.973 0.322302
19 0.322402
19.027 0.322508
19.0541 0.322619
19.0811 0.322738
19.1081 0.322863
19.1351 0.322996
19.1622 0.323136
19.1892 0.323283
19.2162 0.323437
19.2432 0.323597
19.2703 0.323762
19.2973 0.323931
19.3243 0.324105
19.3514 0.324283
19.3784 0.324461
19.4054 0.324637
19.4324 0.324806
19.4595 0.32497
19.4865 0.325126
19.5135 0.325277
19.5405 0.325423
19.5676 0.325567
19.5946 0.325708
19.6216 0.325847
19.6486 0.325983
19.6757 0.326113
19.7027 0.326232
19.7297 0.326346
19.7568 0.326457
19.7838 0.326564
19.8108 0.326667
19.8378 0.326764
19.8649 0.326857
19.8919 0.326944
19.9189 0.327026
19.9459 0.327101
19.973 0.327169
20 0.327229
