0 0.32
0.030303 0.32
0.0606061 0.32
0.0909091 0.32
0.121212 0.32
0.151515 0.32
0.181818 0.32
0.212121 0.32
0.242424 0.32
0.272727 0.32
0.30303 0.32
0.333333 0.32
0.363636 0.32
0.393939 0.32
0.424242 0.32
0.454545 0.32
0.484848 0.32
0.515152 0.32
0.545455 0.32
0.575758 0.32
0.606061 0.32
0.636364 0.32
0.666667 0.32
0.69697 0.32
0.727273 0.32
0.757576 0.32
0.787879 0.32
0.818182 0.32
0.848485 0.32
0.873737 0.32
0.89899 0.32
0.924242 0.32
0.949495 0.32
0.974747 0.32
1 0.32
1.02941 0.32
1.05882 0.32
1.08824 0.32
1.11765 0.32
1.14706 0.32
1.17647 0.32
1.20588 0.32
1.23529 0.32
1.26471 0.32
1.29412 0.32
1.32353 0.32
1.35294 0.32
1.38235 0.32
1.41176 0.32
1.44118 0.32
1.47059 0.32
1.5 0.32
1.52941 0.32
1.55882 0.32
1.58824 0.32
1.61765 0.32
1.64496 0.32
1.67227 0.32
1.69958 0.32
1.72689 0.32
1.7542 0.32
1.78151 0.32
1.80882 0.32
1.83613 0.32
1.86345 0.32
1.89076 0.32
1.91807 0.32
1.94538 0.32
1.97269 0.32
2 0.32
2.02778 0.32
2.05556 0.32
2.08333 0.32
2.11111 0.32
2.13805 0.32
2.16498 0.32
2.19192 0.32
2.21886 0.32
2.24579 0.32
2.27273 0.32
2.29966 0.32
2.3266 0.32
2.35354 0.32
2.38047 0.32
2.40741 0.32
2.43434 0.32
2.46128 0.32
2.48822 0.32
2.51515 0.32
2.54209 0.32
2.56902 0.32
2.59596 0.32
2.6229 0.32
2.64983 0.32
2.67677 0.32
2.7037 0.32
2.73064 0.32
2.75758 0.32
2.78451 0.32
2.81145 0.32
2.83838 0.32
2.86532 0.32
2.89226 0.32
2.91919 0.32
2.94613 0.32
2.97306 0.32
3 0.32
3.02703 0.32
3.05405 0.32
3.08108 0.32
3.10811 0.32
3.13514 0.32
3.16216 0.32
3.18919 0.32
3.21622 0.32
3.24324 0.32
3.27027 0.32
3.2973 0.32
3.32432 0.32
3.35135 0.32
3.37838 0.32
3.40541 0.32
3.43243 0.32
3.45946 0.32
3.48649 0.32
3.51351 0.32
3.54054 0.32
3.56757 0.32
3.59459 0.32
3.62162 0.32
3.64865 0.32
3.67568 0.32
3.7027 0.32
3.72973 0.32
3.75676 0.32
3.78378 0.32
3.81081 0.32
3.83784 0.32
3.86486 0.32
3.89189 0.32
3.91892 0.32
3.94595 0.32
3.97297 0.32
4 0.32
4.02703 0.32
4.05405 0.32
4.08108 0.32
4.10811 0.32
4.13514 0.32
4.16216 0.32
4.18919 0.32
4.21622 0.32
4.24324 0.32
4.27027 0.32
4.2973 0.32
4.32432 0.32
4.35135 0.32
4.37838 0.32
4.40541 0.32
4.43243 0.32
4.45946 0.32
4.48649 0.32
4.51351 0.32
4.54054 0.32
4.56757 0.32
4.59459 0.32
4.62162 0.32
4.64865 0.32
4.67568 0.32
4.7027 0.32
4.72973 0.32
4.75676 0.32
4.78378 0.32
4.81081 0.32
4.83784 0.32
4.86486 0.32
4.89189 0.32
4.91892 0.32
4.94595 0.32
4.97297 0.32
5 0.32
5.02703 0.32
5.05405 0.32
5.08108 0.32
5.10811 0.32
5.13514 0.32
5.16216 0.32
5.18919 0.32
5.21622 0.32
5.24324 0.32
5.27027 0.32
5.2973 0.32
5.32432 0.32
5.35135 0.32
5.37838 0.32
5.40541 0.32
5.43243 0.32
5.45946 0.32
5.48649 0.32
5.51351 0.32
5.54054 0.32
5.56757 0.32
5.59459 0.32
5.62162 0.32
5.64865 0.32
5.67568 0.32
5.7027 0.32
5.72973 0.32
5.75676 0.32
5.78378 0.32
5.81081 0.320001
5.83784 0.320001
5.86486 0.320001
5.89189 0.320002
5.91892 0.320003
5.94595 0.320005
5.97297 0.320007
6 0.320011
6.02703 0.320016
6.05405 0.320022
6.08108 0.320031
6.10811 0.320041
6.13514 0.320052
6.16216 0.320065
6.18919 0.320079
6.21622 0.320094
6.24324 0.320111
6.27027 0.320128
6.2973 0.320147
6.32432 0.320166
6.35135 0.320187
6.37838 0.320208
6.40541 0.320231
6.43243 0.320256
6.45946 0.320282
6.48649 0.32031
6.51351 0.320339
6.54054 0.320371
6.56757 0.320404
6.59459 0.320439
6.62162 0.320476
6.64865 0.320516
6.67568 0.32056
6.7027 0.320608
6.72973 0.32066
6.75676 0.320719
6.78378 0.320783
6.81081 0.320855
6.83784 0.320935
6.86486 0.321024
6.89189 0.321122
6.91892 0.32123
6.94595 0.321349
6.97297 0.321476
7 0.321611
7.02703 0.321752
7.05405 0.321899
7.08108 0.322051
7.10811 0.322207
7.13514 0.322372
7.16216 0.322544
7.18919 0.322733
7.21622 0.322943
7.24324 0.323185
7.27027 0.323473
7.2973 0.323836
7.32432 0.324322
7.35135 0.324998
7.37838 0.326053
7.40541 0.327588
7.43243 0.329674
7.45946 0.332277
7.48649 0.335173
7.51351 0.338214
7.54054 0.341107
7.56757 0.343795
7.59459 0.346192
7.62162 0.348591
7.64865 0.350791
7.67568 0.352656
7.7027 0.35392
7.72973 0.354836
7.75676 0.355526
7.78378 0.356088
7.81081 0.356689
7.83784 0.357374
7.86486 0.358114
7.89189 0.358792
7.91892 0.359472
7.94595 0.360161
7.97297 0.360839
8 0.361485
8.02703 0.362078
8.05405 0.362604
8.08108 0.363012
8.10811 0.36329
8.13514 0.363447
8.16216 0.363483
8.18919 0.363407
8.21622 0.363232
8.24324 0.362965
8.27027 0.362627
8.2973 0.362246
8.32332 0.361866
8.34935 0.361488
8.37538 0.361121
8.4014 0.360752
8.42743 0.360376
8.45345 0.35999
8.47948 0.359597
8.50551 0.359186
8.53153 0.358745
8.55756 0.358262
8.58358 0.357722
8.60961 0.357126
8.63564 0.356498
8.66166 0.355885
8.68769 0.355284
8.71371 0.354712
8.73974 0.354187
8.76577 0.353721
8.79179 0.35331
8.81782 0.35294
8.84384 0.352588
8.86987 0.35222
8.8959 0.35181
8.92192 0.351339
8.94795 0.350784
8.97397 0.350124
9 0.349347
9.02703 0.348411
9.05405 0.347349
9.08108 0.346176
9.10811 0.344904
9.13514 0.34354
9.16216 0.342098
9.18919 0.340615
9.21622 0.339129
9.24324 0.337637
9.27027 0.336152
9.2973 0.334676
9.32432 0.333208
9.35135 0.331752
9.37838 0.330322
9.40541 0.328916
9.43243 0.327511
9.45946 0.326077
9.48649 0.324613
9.51351 0.32312
9.54054 0.321592
9.56757 0.320035
9.59459 0.318449
9.62162 0.316829
9.64865 0.315181
9.67568 0.313487
9.7027 0.311766
9.72973 0.310057
9.75676 0.308397
9.78378 0.306819
9.81081 0.30535
9.83784 0.304
9.86486 0.302798
9.89189 0.301685
9.91892 0.30064
9.94595 0.299666
9.97297 0.298783
10 0.298003
10.027 0.297333
10.0541 0.296778
10.0811 0.29634
10.1081 0.296018
10.1351 0.295813
10.1622 0.295768
10.1892 0.295849
10.2162 0.296034
10.2432 0.296313
10.2703 0.296674
10.2973 0.297092
10.3243 0.297553
10.3514 0.29804
10.3784 0.298542
10.4054 0.299058
10.4324 0.299575
10.4595 0.299997
10.4865 0.300393
10.5135 0.300771
10.5405 0.301137
10.5676 0.301495
10.5946 0.301851
10.6216 0.302211
10.6486 0.302577
10.6757 0.302954
10.7027 0.303346
10.7297 0.303756
10.7568 0.304189
10.7838 0.304651
10.8108 0.30515
10.8378 0.305699
10.8649 0.306279
10.8919 0.30692
10.9189 0.307646
10.9459 0.308489
10.973 0.309468
11 0.310526
11.027 0.311588
11.0541 0.312615
11.0811 0.31361
11.1081 0.314543
11.1351 0.315386
11.1622 0.316129
11.1892 0.31677
11.2162 0.317307
11.2432 0.31774
11.2703 0.318086
11.2973 0.318353
11.3243 0.318549
11.3514 0.31868
11.3784 0.318743
11.4054 0.318749
11.4324 0.318705
11.4595 0.318622
11.4865 0.31851
11.5135 0.318379
11.5405 0.318237
11.5676 0.318096
11.5946 0.317958
11.6216 0.31782
11.6486 0.317683
11.6757 0.317554
11.7027 0.317438
11.7297 0.31734
11.7568 0.317262
11.7838 0.317203
11.8108 0.317163
11.8378 0.31714
11.8649 0.317136
11.8919 0.317148
11.9189 0.317175
11.9459 0.317216
11.973 0.31727
12 0.317337
12.027 0.317421
12.0541 0.317518
12.0811 0.317625
12.1081 0.317742
12.1351 0.31787
12.1622 0.318006
12.1892 0.318144
12.2162 0.318282
12.2432 0.318414
12.2703 0.318539
12.2973 0.318655
12.3243 0.318763
12.3514 0.318862
12.3784 0.318954
12.4054 0.319036
12.4324 0.319106
12.4595 0.319161
12.4865 0.319201
12.5135 0.319222
12.5405 0.319223
12.5676 0.319206
12.5946 0.319176
12.6216 0.31913
12.6486 0.319067
12.6757 0.318986
12.7027 0.318891
12.7297 0.318783
12.7568 0.318661
12.7838 0.318525
12.8108 0.31838
12.8378 0.31823
12.8649 0.318077
12.8919 0.317923
12.9189 0.317772
12.9459 0.317626
12.973 0.317488
13 0.317357
13.027 0.317236
13.0541 0.317125
13.0811 0.317025
13.1081 0.316936
13.1351 0.316858
13.1622 0.31679
13.1892 0.316733
13.2162 0.316687
13.2432 0.316651
13.2703 0.316624
13.2973 0.316605
13.3243 0.316594
13.3514 0.316589
13.3784 0.31659
13.4054 0.316595
13.4324 0.316605
13.4595 0.316622
13.4865 0.316645
13.5135 0.316671
13.5405 0.316696
13.5676 0.316721
13.5946 0.316746
13.6216 0.316768
13.6486 0.316788
13.6757 0.316806
13.7027 0.316821
13.7297 0.316836
13.7568 0.316851
13.7838 0.316868
13.8108 0.316886
13.8378 0.316909
13.8649 0.316936
13.8919 0.316969
13.9189 0.317009
13.9459 0.317053
13.973 0.317104
14 0.317159
14.027 0.317219
14.0541 0.317284
14.0811 0.317353
14.1081 0.317425
14.1351 0.317499
14.1622 0.317574
14.1892 0.317647
14.2162 0.317718
14.2432 0.317787
14.2703 0.317853
14.2973 0.317915
14.3243 0.317974
14.3514 0.318032
14.3784 0.318088
14.4054 0.318142
14.4324 0.318192
14.4595 0.318238
14.4865 0.318281
14.5135 0.318321
14.5405 0.318357
14.5676 0.318389
14.5946 0.318417
14.6216 0.318442
14.6486 0.318464
14.6757 0.318481
14.7027 0.318496
14.7297 0.318508
14.7568 0.318517
14.7838 0.318524
14.8108 0.31853
14.8378 0.318533
14.8649 0.318534
14.8919 0.318533
14.9189 0.31853
14.9459 0.318526
14.973 0.318521
15 0.318514
15.027 0.318502
15.0541 0.318489
15.0811 0.318476
15.1081 0.318462
15.1351 0.318451
15.1622 0.318442
15.1892 0.318435
15.2162 0.31843
15.2432 0.318428
15.2703 0.318435
15.2973 0.318446
15.3243 0.318462
15.3514 0.318479
15.3784 0.318497
15.4054 0.31851
15.4324 0.318523
15.4595 0.318537
15.4865 0.318551
15.5135 0.318567
15.5405 0.318582
15.5676 0.318597
15.5946 0.318612
15.6216 0.318626
15.6486 0.31864
15.6757 0.318654
15.7027 0.318667
15.7297 0.31868
15.7568 0.318694
15.7838 0.318708
15.8108 0.318722
15.8378 0.318737
15.8649 0.318752
15.8919 0.318766
15.9189 0.318781
15.9459 0.318796
15.973 0.31881
16 0.318824
16.027 0.318837
16.0541 0.31885
16.0811 0.318861
16.1081 0.318872
16.1351 0.318882
16.1622 0.318892
16.1892 0.318902
16.2162 0.31891
16.2432 0.318918
16.2703 0.318924
16.2973 0.318929
16.3243 0.318933
16.3514 0.318935
16.3784 0.318936
16.4054 0.318936
16.4324 0.318934
16.4595 0.318931
16.4865 0.318928
16.5135 0.318924
16.5405 0.318918
16.5676 0.318912
16.5946 0.318906
16.6216 0.318899
16.6486 0.318893
16.6757 0.318886
16.7027 0.31888
16.7297 0.318875
16.7568 0.31887
16.7838 0.318867
16.8108 0.318866
16.8378 0.318864
16.8649 0.318863
16.8919 0.318862
16.9189 0.318861
16.9459 0.318861
16.973 0.31886
17 0.31886
17.0278 0.318859
17.0556 0.318858
17.0833 0.318857
17.1111 0.318856
17.1389 0.318855
17.1667 0.318854
17.1944 0.318855
17.2222 0.318856
17.25 0.318858
17.2778 0.318862
17.3056 0.318867
17.3333 0.318872
17.3611 0.318877
17.3889 0.318883
17.4167 0.318889
17.4444 0.318895
17.4722 0.318901
17.4986 0.318907
17.525 0.318913
17.5514 0.318919
17.5778 0.318925
17.6042 0.318931
17.6306 0.318938
17.6569 0.318944
17.6833 0.318949
17.7097 0.318955
17.7361 0.31896
17.7625 0.318965
17.7889 0.31897
17.8153 0.318975
17.8417 0.31898
17.8681 0.318985
17.8944 0.31899
17.9208 0.318997
17.9472 0.319004
17.9736 0.319013
18 0.319024
18.027 0.319036
18.0541 0.319052
18.0811 0.31907
18.1081 0.31909
18.1351 0.319114
18.1622 0.319141
18.1892 0.319171
18.2162 0.319205
18.2432 0.319243
18.2703 0.319286
18.2973 0.319333
18.3243 0.319385
18.3514 0.319441
18.3784 0.319501
18.4054 0.319565
18.4324 0.319632
18.4595 0.319703
18.4865 0.319778
18.5135 0.319857
18.5405 0.31994
18.5676 0.320027
18.5946 0.320118
18.6216 0.320212
18.6486 0.320308
18.6757 0.320406
18.7027 0.320506
18.7297 0.320608
18.7568 0.320711
18.7838 0.320816
18.8108 0.320923
18.8378 0.321031
18.8649 0.32114
18.8919 0.321251
18.9189 0.321364
18.9459 0.321479
18.973 0.321595
19 0.321714
19.027 0.321835
19.0541 0.32196
19.0811 0.322094
19.1081 0.322233
19.1351 0.322376
19.1622 0.322523
19.1892 0.322676
19.2162 0.322832
19.2432 0.322992
19.2703 0.323156
19.2973 0.323323
19.3243 0.323494
19.3514 0.323667
19.3784 0.323843
19.4054 0.324022
19.4324 0.324205
19.4595 0.32439
19.4865 0.324579
19.5135 0.324771
19.5405 0.324967
19.5676 0.325165
19.5946 0.325367
19.6216 0.325573
19.6486 0.325782
19.6757 0.325993
19.7027 0.326207
19.7297 0.326423
19.7568 0.326642
19.7838 0.326858
19.8108 0.327074
19.8378 0.32729
19.8649 0.327507
19.8919 0.327726
19.9189 0.327947
19.9459 0.328171
19.973 0.328396
20 0.328624
